{"degree": [1, 2, 3, 4, 5, 6, 7, 8], "losses": [407.54736790579693, 173.62132370856193, 23.0102481628502, -85.34491987696788, -164.66110221559495, -214.29028304689317, -226.0635846467459, -243.57118944519183], "A_list": [[[19.126916230175848, -0.14093043735526448], [-0.14093043735526448, 19.47428182054087]], [[25.73798598726724, -0.5424914193767352, -0.12910826103735232, 0.01684474122466311], [-0.5424914193767352, 0.13936658669441382, -0.05933924373019203, 0.0007226359283116704], [-0.12910826103735232, -0.05933924373019203, 28.81844103901296, -0.6222043912120159], [0.01684474122466311, 0.0007226359283116704, -0.6222043912120159, 0.1537164842387846]], [[27.370294315253794, -0.539461004073595, 0.00012317965099509386, -0.21846929025298994, 0.07682155862271287, -0.005908887672162594], [-0.539461004073595, 0.3352214406932796, -0.018664774831205495, -0.10844002802226944, 0.004175068802983518, 0.0014606880216088392], [0.00012317965099509386, -0.018664774831205495, 0.001724789083217494, 0.005061808836847335, -0.0018653768687117006, 1.0967748498023351e-05], [-0.21846929025298994, -0.10844002802226944, 0.005061808836847335, 30.76518667045048, -0.8836351013135447, 0.012751880348084716], [0.07682155862271287, 0.004175068802983518, -0.0018653768687117006, -0.8836351013135447, 0.37575894397111653, -0.020333339436722418], [-0.005908887672162594, 0.0014606880216088392, 1.0967748498023351e-05, 0.012751880348084716, -0.020333339436722418, 0.0018447395112272823]], [[28.68858471925553, -0.5630933385924205, -0.01283630022403886, 0.0017740894605829858, 0.350532628221142, 0.08138897510211163, -0.0026555189979675644, -0.00033645039968779075], [-0.5630933385924205, 0.34404911657749276, -0.036604692277252174, 0.0013770004776797907, -0.09873023167086925, 0.007111304248043334, 0.001418967959597648, -0.00010813019846597674], [-0.01283630022403886, -0.036604692277252174, 0.009800914319260333, -0.0005848030389789054, -0.0002087102503514599, -0.004252714841690197, 0.00024520520441427345, 8.092592872394829e-06], [0.0017740894605829858, 0.0013770004776797907, -0.0005848030389789054, 4.1583145455802986e-05, 0.0003945311562201472, 0.00025396284282039544, -3.280950966088713e-05, 6.664647434151275e-07], [0.350532628221142, -0.09873023167086925, -0.0002087102503514599, 0.0003945311562201472, 27.098032023666565, -0.5554319690368824, -0.02767413682817458, 0.002663409440155107], [0.08138897510211163, 0.007111304248043334, -0.004252714841690197, 0.00025396284282039544, -0.5554319690368824, 0.35816208745918376, -0.03516060642286441, 0.001204627148460223], [-0.0026555189979675644, 0.001418967959597648, 0.00024520520441427345, -3.280950966088713e-05, -0.02767413682817458, -0.03516060642286441, 0.009489396274224987, -0.0005638933300697118], [-0.00033645039968779075, -0.00010813019846597674, 8.092592872394829e-06, 6.664647434151275e-07, 0.002663409440155107, 0.001204627148460223, -0.0005638933300697118, 4.073048763609207e-05]], [[27.213842832410663, -0.5088486211878717, -0.013523899774216915, 0.0031253097970120676, -0.00014397492476127366, -0.4552675212532227, 0.09482392656660948, -0.009175922093077047, 0.0004906442126164278, -2.3441479275416105e-05], [-0.5088486211878717, 0.31436147991372493, -0.040527604495365036, 0.0024034187157311315, -3.890504097464366e-05, -0.02722217664380476, -0.0056340389817976415, 0.0035166447717523705, -0.0002724825709650496, 6.583301415030823e-06], [-0.013523899774216915, -0.040527604495365036, 0.015116248210391536, -0.001753942257115263, 6.860971838566662e-05, -0.007901966070304118, -0.0014880613881450046, -0.0002202188119672933, 7.8644959686462e-05, -4.791791093458074e-06], [0.0031253097970120676, 0.0024034187157311315, -0.001753942257115263, 0.00029721336554167495, -1.5254306057326487e-05, 0.0001821378914989433, 0.00021045534460373416, -3.312341483005624e-05, -3.588717629979558e-06, 4.96804386131141e-07], [-0.00014397492476127366, -3.890504097464366e-05, 6.860971838566662e-05, -1.5254306057326487e-05, 9.063697215688899e-07, 4.0176086906372184e-05, -1.0753198422934872e-05, 2.996829989143739e-06, -1.2017996637093726e-07, -1.1031305117268897e-08], [-0.4552675212532227, -0.02722217664380476, -0.007901966070304118, 0.0001821378914989433, 4.0176086906372184e-05, 29.386931854342375, -0.49408995046228577, -0.006207770881736085, -0.0009750815708359752, 0.00012899840015869002], [0.09482392656660948, -0.0056340389817976415, -0.0014880613881450046, 0.00021045534460373416, -1.0753198422934872e-05, -0.49408995046228577, 0.3364044693462137, -0.04027338929832574, 0.002186208156742002, -2.9072727336467515e-05], [-0.009175922093077047, 0.0035166447717523705, -0.0002202188119672933, -3.312341483005624e-05, 2.996829989143739e-06, -0.006207770881736085, -0.04027338929832574, 0.015063698170381907, -0.001731407483105344, 6.701632527104736e-05], [0.0004906442126164278, -0.0002724825709650496, 7.8644959686462e-05, -3.588717629979558e-06, -1.2017996637093726e-07, -0.0009750815708359752, 0.002186208156742002, -0.001731407483105344, 0.0002981670269224547, -1.5404862805147966e-05], [-2.3441479275416105e-05, 6.583301415030823e-06, -4.791791093458074e-06, 4.96804386131141e-07, -1.1031305117268897e-08, 0.00012899840015869002, -2.9072727336467515e-05, 6.701632527104736e-05, -1.5404862805147966e-05, 9.269742073001855e-07]], [[37.95235587594333, -0.7243088905455529, -0.03878884159101077, 0.0030688666607615093, 0.00028764526697408103, -2.27365290467569e-05, -0.6733527681035306, 0.08064284685408558, 0.000943661702815235, -0.0010698776876629026, -4.0381857096090205e-05, 7.199681985466198e-06], [-0.7243088905455529, 0.3510555518240546, -0.050393775284214, 0.004082490960756644, -9.874844956829275e-05, -4.288807756087112e-06, -0.10475863249334251, 0.0018864784270840422, 0.0031094990415239335, -0.00014156076605710772, -1.7283600098890112e-05, 1.3093164891116384e-06], [-0.03878884159101077, -0.050393775284214, 0.02237371693015123, -0.0031705020586198043, 0.00016765861967481808, -1.6054530641708005e-06, -0.0053075443097034365, -0.0034343283153617844, 0.00012131047913057822, 5.090074354865948e-05, -3.09813550566145e-06, -6.47180994770245e-08], [0.0030688666607615093, 0.004082490960756644, -0.0031705020586198043, 0.000713309198195999, -6.609000075538498e-05, 2.197204249941804e-06, 0.0007415484479660088, 0.0002909806905818541, -0.0001211712606970756, 6.336198738302875e-06, 7.754852084627504e-07, -6.334914559612481e-08], [0.00028764526697408103, -9.874844956829275e-05, 0.00016765861967481808, -6.609000075538498e-05, 9.06498429177834e-06, -4.143059613040161e-07, 3.184322618872823e-05, -1.195449277589918e-05, 1.4263823270055483e-05, -2.0687023098333923e-06, 1.4000022288175213e-08, 7.366857854893813e-09], [-2.27365290467569e-05, -4.288807756087112e-06, -1.6054530641708005e-06, 2.197204249941804e-06, -4.143059613040161e-07, 2.231471112612747e-08, -3.214351655850797e-06, 2.545139471330482e-07, -5.193676833370433e-07, 1.1665499189193035e-07, -5.021165530131588e-09, -1.8239251295555215e-10], [-0.6733527681035306, -0.10475863249334251, -0.0053075443097034365, 0.0007415484479660088, 3.184322618872823e-05, -3.214351655850797e-06, 42.10950983293262, -0.6655814099779283, -0.06163141998669447, 0.0009635612405696492, 0.0004657719814099696, -1.597980408211364e-05], [0.08064284685408558, 0.0018864784270840422, -0.0034343283153617844, 0.0002909806905818541, -1.195449277589918e-05, 2.545139471330482e-07, -0.6655814099779283, 0.36108027918147984, -0.04765839196249742, 0.0035117245164751404, -5.314556863576206e-05, -5.826825529422079e-06], [0.000943661702815235, 0.0031094990415239335, 0.00012131047913057822, -0.0001211712606970756, 1.4263823270055483e-05, -5.193676833370433e-07, -0.06163141998669447, -0.04765839196249742, 0.020783162695585115, -0.0028474230899701745, 0.00014362291432013318, -1.0947222136116805e-06], [-0.0010698776876629026, -0.00014156076605710772, 5.090074354865948e-05, 6.336198738302875e-06, -2.0687023098333923e-06, 1.1665499189193035e-07, 0.0009635612405696492, 0.0035117245164751404, -0.0028474230899701745, 0.0006626035344033187, -6.334546238061223e-05, 2.1798429611909807e-06], [-4.0381857096090205e-05, -1.7283600098890112e-05, -3.09813550566145e-06, 7.754852084627504e-07, 1.4000022288175213e-08, -5.021165530131588e-09, 0.0004657719814099696, -5.314556863576206e-05, 0.00014362291432013318, -6.334546238061223e-05, 9.055387619421888e-06, -4.230439657478809e-07], [7.199681985466198e-06, 1.3093164891116384e-06, -6.47180994770245e-08, -6.334914559612481e-08, 7.366857854893813e-09, -1.8239251295555215e-10, -1.597980408211364e-05, -5.826825529422079e-06, -1.0947222136116805e-06, 2.1798429611909807e-06, -4.230439657478809e-07, 2.3019328007912434e-08]], [[39.62215643874414, -0.6393474191834745, -0.0615975036772444, 0.0032911452828624206, 0.00020638568876397905, 2.50311580428154e-05, -3.1716872389602547e-06, -0.7828158314658852, 0.11238609621905571, -0.0077223517533278885, -1.0970152472637718e-05, -0.00011059340279515794, 1.6520836775034318e-05, -7.731184858764655e-07], [-0.6393474191834745, 0.34656557722324216, -0.0492279351333112, 0.0022999274358742657, 0.0004483087621508871, -7.180717897212291e-05, 3.007074990196414e-06, -0.07460054592587051, -0.005227784795229368, 0.00422466409137185, -9.911625214865545e-05, -3.033887203653638e-05, 9.399082330816528e-07, 8.758977561508213e-08], [-0.0615975036772444, -0.0492279351333112, 0.02316942182177806, -0.0026020251590422854, -0.00013809840824943542, 4.397851025849501e-05, -2.2030133827130526e-06, -0.015318380217519616, -0.001697324759818715, 2.1374325454796145e-06, 2.3813981022427217e-05, 3.035760648374237e-06, -7.005655677666564e-07, 2.951576586848723e-08], [0.0032911452828624206, 0.0022999274358742657, -0.0026020251590422854, 0.0005114398124265762, -9.564712841893526e-07, -7.131944245790263e-06, 4.574912774515226e-07, 0.00190408376095066, -6.491648111218778e-05, -7.493972556903199e-05, 7.611465495926045e-06, -3.8069073170370985e-08, 2.4481726878572235e-08, -3.9012545425916254e-09], [0.00020638568876397905, 0.0004483087621508871, -0.00013809840824943542, -9.564712841893526e-07, 2.5995801516141414e-06, -1.2406897661837584e-07, -4.645845909415594e-09, -4.796726651041131e-05, 4.4093585846613395e-05, -1.264903004170367e-06, -8.942657472503334e-07, 4.3357011382231806e-08, 6.851691324865195e-09, -4.075987744047928e-10], [2.50311580428154e-05, -7.180717897212291e-05, 4.397851025849501e-05, -7.131944245790263e-06, -1.2406897661837584e-07, 1.0930995116685976e-07, -6.367128625354246e-09, 7.7221577980326e-06, -4.696219022284789e-06, 1.3906937610785638e-06, -9.372118391119715e-08, -4.726464993643115e-09, 6.017865486761093e-11, 4.1418540246792025e-11], [-3.1716872389602547e-06, 3.007074990196414e-06, -2.2030133827130526e-06, 4.574912774515226e-07, -4.645845909415594e-09, -6.367128625354246e-09, 4.3118853156152623e-10, -8.441461032299753e-07, 1.7258830737045588e-07, -7.800646025465989e-08, 1.0323663543369017e-08, 2.4869215857449277e-11, -4.919712913469836e-11, 6.559848297779794e-13], [-0.7828158314658852, -0.07460054592587051, -0.015318380217519616, 0.00190408376095066, -4.796726651041131e-05, 7.7221577980326e-06, -8.441461032299753e-07, 44.58597221633216, -0.7551157620868567, -0.06654836092192405, 0.0021781854374657507, 0.00041017084746708345, 5.983770797843963e-06, -2.2388409051050555e-06], [0.11238609621905571, -0.005227784795229368, -0.001697324759818715, -6.491648111218778e-05, 4.4093585846613395e-05, -4.696219022284789e-06, 1.7258830737045588e-07, -0.7551157620868567, 0.37698460882700113, -0.05152596030465141, 0.002414065625140704, 0.000468220365639596, -7.717174602016154e-05, 3.310475791858197e-06], [-0.0077223517533278885, 0.00422466409137185, 2.1374325454796145e-06, -7.493972556903199e-05, -1.264903004170367e-06, 1.3906937610785638e-06, -7.800646025465989e-08, -0.06654836092192405, -0.05152596030465141, 0.024729518085494617, -0.002792793768767102, -0.00014590284841332112, 4.6994594243258785e-05, -2.3603918435142384e-06], [-1.0970152472637718e-05, -9.911625214865545e-05, 2.3813981022427217e-05, 7.611465495926045e-06, -8.942657472503334e-07, -9.372118391119715e-08, 1.0323663543369017e-08, 0.0021781854374657507, 0.002414065625140704, -0.002792793768767102, 0.0005482269157014576, -1.0217799985995051e-06, -7.608942389809703e-06, 4.869693825013761e-07], [-0.00011059340279515794, -3.033887203653638e-05, 3.035760648374237e-06, -3.8069073170370985e-08, 4.3357011382231806e-08, -4.726464993643115e-09, 2.4869215857449277e-11, 0.00041017084746708345, 0.000468220365639596, -0.00014590284841332112, -1.0217799985995051e-06, 2.7200094015921335e-06, -1.2761507109980257e-07, -4.979499749335286e-09], [1.6520836775034318e-05, 9.399082330816528e-07, -7.005655677666564e-07, 2.4481726878572235e-08, 6.851691324865195e-09, 6.017865486761093e-11, -4.919712913469836e-11, 5.983770797843963e-06, -7.717174602016154e-05, 4.6994594243258785e-05, -7.608942389809703e-06, -1.2761507109980257e-07, 1.1602112174287502e-07, -6.773762701916933e-09], [-7.731184858764655e-07, 8.758977561508213e-08, 2.951576586848723e-08, -3.9012545425916254e-09, -4.075987744047928e-10, 4.1418540246792025e-11, 6.559848297779794e-13, -2.2388409051050555e-06, 3.310475791858197e-06, -2.3603918435142384e-06, 4.869693825013761e-07, -4.979499749335286e-09, -6.773762701916933e-09, 4.589455344436669e-10]], [[39.16413695531023, -0.6502014970975474, -0.047253363245916925, 0.0007223542598237034, 0.0004287677816872645, -5.586256498865559e-07, 2.7131663856738465e-07, -1.8610721083844407e-07, -0.870774314043692, 0.047024446379270946, 0.010046584556911542, -0.0010035735734110099, 4.244699707780984e-05, -2.00022976150228e-05, 1.4814300285154956e-06, 4.8861919932872265e-09], [-0.6502014970975474, 0.3163709034984988, -0.040220103759093226, 0.0020250369692184286, 0.0002197529329572067, -2.3690657490717214e-05, -1.926660304303534e-06, 2.1788093711279557e-07, -0.09678056737645384, -0.000499923342595185, 0.0030504122175703864, -8.747025429799346e-05, -8.406987622346593e-06, -9.687531551099368e-07, 1.3224875316323094e-07, -1.6539551825079345e-09], [-0.047253363245916925, -0.040220103759093226, 0.019507162221289374, -0.0023046337880656656, -4.866421538149997e-05, 1.8002737992911117e-05, 5.610463636777069e-07, -1.112659091910928e-07, -0.0024724966340433432, -0.0027517410795754164, 0.0002579932174607362, 4.617032723577171e-05, -9.801769097721852e-06, -1.0262552738440751e-07, 1.2223688455488097e-07, -6.828753045178491e-09], [0.0007223542598237034, 0.0020250369692184286, -0.0023046337880656656, 0.0005103146203536594, -2.322005918963812e-05, -3.334834869682474e-06, 2.72489566562025e-07, -1.4880191481768721e-10, 0.0003041478539421067, 0.00013189181819054413, -6.968275696391474e-05, -1.1180044669452473e-05, 3.6073766853517563e-06, 2.645746777237469e-08, -5.1119737079357315e-08, 2.903926550761175e-09], [0.0004287677816872645, 0.0002197529329572067, -4.866421538149997e-05, -2.322005918963812e-05, 5.785436974196916e-06, -5.264787056674074e-09, -7.871955495120522e-08, 4.777057646045464e-09, 2.990152401224199e-05, 3.3937488208154597e-06, -1.6991664383823852e-06, 1.6059007683627721e-06, -3.492632022717924e-07, -2.4830441282435793e-09, 5.589149173632685e-09, -3.455395553597015e-10], [-5.586256498865559e-07, -2.3690657490717214e-05, 1.8002737992911117e-05, -3.334834869682474e-06, -5.264787056674074e-09, 3.050161443440479e-08, 7.438573042802923e-10, -2.1268825254137398e-10, 4.211119023688845e-06, 9.627925594446336e-07, 5.2868918461579205e-08, 1.702157842694748e-08, -9.110030500004662e-09, 2.1285694618916202e-10, 1.199012616070127e-10, -7.778177436317023e-12], [2.7131663856738465e-07, -1.926660304303534e-06, 5.610463636777069e-07, 2.72489566562025e-07, -7.871955495120522e-08, 7.438573042802923e-10, 1.1183082244389975e-09, -7.2933154789428e-11, -1.0242585562733798e-06, -1.698636833926414e-07, 1.1876236317246739e-07, -2.5846844577497167e-08, 2.9689013578089096e-09, 8.062428684169893e-11, -5.495577409177261e-11, 3.4399899359178286e-12], [-1.8610721083844407e-07, 2.1788093711279557e-07, -1.112659091910928e-07, -1.4880191481768721e-10, 4.777057646045464e-09, -2.1268825254137398e-10, -7.2933154789428e-11, 5.757797145193833e-12, 5.0709813629589404e-08, 5.557919753805128e-09, -8.117949413950685e-09, 1.639490731986982e-09, -1.1477450258277711e-10, -9.187489870661966e-12, 2.5705576901178814e-12, -1.4683738431686319e-13], [-0.870774314043692, -0.09678056737645384, -0.0024724966340433432, 0.0003041478539421067, 2.990152401224199e-05, 4.211119023688845e-06, -1.0242585562733798e-06, 5.0709813629589404e-08, 42.8380586728759, -0.7229541853788722, -0.053255837331719645, 0.0003913316173729076, 0.0004051922644045425, 9.054313462196067e-06, -3.927558715144765e-07, -1.5363358439635047e-07], [0.047024446379270946, -0.000499923342595185, -0.0027517410795754164, 0.00013189181819054413, 3.3937488208154597e-06, 9.627925594446336e-07, -1.698636833926414e-07, 5.557919753805128e-09, -0.7229541853788722, 0.3400876890072824, -0.04060866954191824, 0.0020246278869002926, 0.00019887258988609077, -1.983654779428417e-05, -2.3263311725665868e-06, 2.3587391998311918e-07], [0.010046584556911542, 0.0030504122175703864, 0.0002579932174607362, -6.968275696391474e-05, -1.6991664383823852e-06, 5.2868918461579205e-08, 1.1876236317246739e-07, -8.117949413950685e-09, -0.053255837331719645, -0.04060866954191824, 0.01953278240779807, -0.0022288086446539336, -5.283478544467331e-05, 1.6778964207575068e-05, 6.698576358586153e-07, -1.1204198632423928e-07], [-0.0010035735734110099, -8.747025429799346e-05, 4.617032723577171e-05, -1.1180044669452473e-05, 1.6059007683627721e-06, 1.702157842694748e-08, -2.5846844577497167e-08, 1.639490731986982e-09, 0.0003913316173729076, 0.0020246278869002926, -0.0022288086446539336, 0.0004951221294547712, -2.3286544501274737e-05, -3.2192323067483364e-06, 2.822917046002544e-07, -1.4650128275524403e-09], [4.244699707780984e-05, -8.406987622346593e-06, -9.801769097721852e-06, 3.6073766853517563e-06, -3.492632022717924e-07, -9.110030500004662e-09, 2.9689013578089096e-09, -1.1477450258277711e-10, 0.0004051922644045425, 0.00019887258988609077, -5.283478544467331e-05, -2.3286544501274737e-05, 5.96522652856897e-06, 6.516016425383274e-11, -8.324208900935469e-08, 5.051718039491607e-09], [-2.00022976150228e-05, -9.687531551099368e-07, -1.0262552738440751e-07, 2.645746777237469e-08, -2.4830441282435793e-09, 2.1285694618916202e-10, 8.062428684169893e-11, -9.187489870661966e-12, 9.054313462196067e-06, -1.983654779428417e-05, 1.6778964207575068e-05, -3.2192323067483364e-06, 6.516016425383274e-11, 2.943419119098951e-08, 7.006388312791607e-10, -2.0621647140157845e-10], [1.4814300285154956e-06, 1.3224875316323094e-07, 1.2223688455488097e-07, -5.1119737079357315e-08, 5.589149173632685e-09, 1.199012616070127e-10, -5.495577409177261e-11, 2.5705576901178814e-12, -3.927558715144765e-07, -2.3263311725665868e-06, 6.698576358586153e-07, 2.822917046002544e-07, -8.324208900935469e-08, 7.006388312791607e-10, 1.2062164635297542e-09, -7.849105408959436e-11], [4.8861919932872265e-09, -1.6539551825079345e-09, -6.828753045178491e-09, 2.903926550761175e-09, -3.455395553597015e-10, -7.778177436317023e-12, 3.4399899359178286e-12, -1.4683738431686319e-13, -1.5363358439635047e-07, 2.3587391998311918e-07, -1.1204198632423928e-07, -1.4650128275524403e-09, 5.051718039491607e-09, -2.0621647140157845e-10, -7.849105408959436e-11, 6.106824438169222e-12]]], "B_list": [{"B_d": [[3.2338792250448987], [0.27569575007082436], [5.9941018889736354e-05]], "B_theta": [2.5025615645093924e-06], "B_const": [4.36216460811624]}, {"B_d": [[0.24264901362765579], [9.732180713840918e-06], [6.593137066793469e-07]], "B_theta": [2.643065036208676e-07], "B_const": [0.29346282387734823]}, {"B_d": [[0.025322807913666246], [1.223559774010247e-06], [1.3854073631051772e-07]], "B_theta": [5.002598115079867e-08], "B_const": [0.042041904667197656]}, {"B_d": [[0.007746637164358553], [4.700836834407314e-06], [1.607287583713155e-07]], "B_theta": [1.2139718455353566e-08], "B_const": [0.009031308719595135]}, {"B_d": [[0.002773526977620046], [5.909831218501137e-06], [8.586366999866716e-07]], "B_theta": [9.176901973902698e-09], "B_const": [0.0025405144939032033]}, {"B_d": [[0.0011083344167537273], [2.019012961264662e-05], [7.896435984584656e-07]], "B_theta": [3.5440725786880235e-08], "B_const": [0.0009917609971548012]}, {"B_d": [[0.0009815093618918017], [2.1732084765905657e-05], [7.675948789967398e-07]], "B_theta": [5.077417266063367e-08], "B_const": [0.0009382724647841689]}, {"B_d": [[0.0005109339322341883], [3.7688206605334135e-05], [5.960025420663773e-07]], "B_theta": [7.902003569885021e-08], "B_const": [0.0005375364902171254]}], "bic_scores": [425.1251645244867, 206.5796923686052, 80.13808717359191, 4.741287793817122, -32.827627575421786, -31.92064312798695, 15.631118860238246, 66.23747595921512], "best_bic": -32.827627575421786, "best_bic_A": [[27.213842832410663, -0.5088486211878717, -0.013523899774216915, 0.0031253097970120676, -0.00014397492476127366, -0.4552675212532227, 0.09482392656660948, -0.009175922093077047, 0.0004906442126164278, -2.3441479275416105e-05], [-0.5088486211878717, 0.31436147991372493, -0.040527604495365036, 0.0024034187157311315, -3.890504097464366e-05, -0.02722217664380476, -0.0056340389817976415, 0.0035166447717523705, -0.0002724825709650496, 6.583301415030823e-06], [-0.013523899774216915, -0.040527604495365036, 0.015116248210391536, -0.001753942257115263, 6.860971838566662e-05, -0.007901966070304118, -0.0014880613881450046, -0.0002202188119672933, 7.8644959686462e-05, -4.791791093458074e-06], [0.0031253097970120676, 0.0024034187157311315, -0.001753942257115263, 0.00029721336554167495, -1.5254306057326487e-05, 0.0001821378914989433, 0.00021045534460373416, -3.312341483005624e-05, -3.588717629979558e-06, 4.96804386131141e-07], [-0.00014397492476127366, -3.890504097464366e-05, 6.860971838566662e-05, -1.5254306057326487e-05, 9.063697215688899e-07, 4.0176086906372184e-05, -1.0753198422934872e-05, 2.996829989143739e-06, -1.2017996637093726e-07, -1.1031305117268897e-08], [-0.4552675212532227, -0.02722217664380476, -0.007901966070304118, 0.0001821378914989433, 4.0176086906372184e-05, 29.386931854342375, -0.49408995046228577, -0.006207770881736085, -0.0009750815708359752, 0.00012899840015869002], [0.09482392656660948, -0.0056340389817976415, -0.0014880613881450046, 0.00021045534460373416, -1.0753198422934872e-05, -0.49408995046228577, 0.3364044693462137, -0.04027338929832574, 0.002186208156742002, -2.9072727336467515e-05], [-0.009175922093077047, 0.0035166447717523705, -0.0002202188119672933, -3.312341483005624e-05, 2.996829989143739e-06, -0.006207770881736085, -0.04027338929832574, 0.015063698170381907, -0.001731407483105344, 6.701632527104736e-05], [0.0004906442126164278, -0.0002724825709650496, 7.8644959686462e-05, -3.588717629979558e-06, -1.2017996637093726e-07, -0.0009750815708359752, 0.002186208156742002, -0.001731407483105344, 0.0002981670269224547, -1.5404862805147966e-05], [-2.3441479275416105e-05, 6.583301415030823e-06, -4.791791093458074e-06, 4.96804386131141e-07, -1.1031305117268897e-08, 0.00012899840015869002, -2.9072727336467515e-05, 6.701632527104736e-05, -1.5404862805147966e-05, 9.269742073001855e-07]], "best_bic_B": {"B_d": [[0.002773526977620046], [5.909831218501137e-06], [8.586366999866716e-07]], "B_theta": [9.176901973902698e-09], "B_const": [0.0025405144939032033]}, "best_bic_deg": 5, "best_bic_deg_idx": 4, "aic_scores": [415.54736790579693, 188.62132370856193, 49.0102481628502, -44.34491987696788, -104.66110221559495, -131.29028304689317, -116.06358464674591, -102.57118944519183], "best_aic": -131.29028304689317, "best_aic_A": [[37.95235587594333, -0.7243088905455529, -0.03878884159101077, 0.0030688666607615093, 0.00028764526697408103, -2.27365290467569e-05, -0.6733527681035306, 0.08064284685408558, 0.000943661702815235, -0.0010698776876629026, -4.0381857096090205e-05, 7.199681985466198e-06], [-0.7243088905455529, 0.3510555518240546, -0.050393775284214, 0.004082490960756644, -9.874844956829275e-05, -4.288807756087112e-06, -0.10475863249334251, 0.0018864784270840422, 0.0031094990415239335, -0.00014156076605710772, -1.7283600098890112e-05, 1.3093164891116384e-06], [-0.03878884159101077, -0.050393775284214, 0.02237371693015123, -0.0031705020586198043, 0.00016765861967481808, -1.6054530641708005e-06, -0.0053075443097034365, -0.0034343283153617844, 0.00012131047913057822, 5.090074354865948e-05, -3.09813550566145e-06, -6.47180994770245e-08], [0.0030688666607615093, 0.004082490960756644, -0.0031705020586198043, 0.000713309198195999, -6.609000075538498e-05, 2.197204249941804e-06, 0.0007415484479660088, 0.0002909806905818541, -0.0001211712606970756, 6.336198738302875e-06, 7.754852084627504e-07, -6.334914559612481e-08], [0.00028764526697408103, -9.874844956829275e-05, 0.00016765861967481808, -6.609000075538498e-05, 9.06498429177834e-06, -4.143059613040161e-07, 3.184322618872823e-05, -1.195449277589918e-05, 1.4263823270055483e-05, -2.0687023098333923e-06, 1.4000022288175213e-08, 7.366857854893813e-09], [-2.27365290467569e-05, -4.288807756087112e-06, -1.6054530641708005e-06, 2.197204249941804e-06, -4.143059613040161e-07, 2.231471112612747e-08, -3.214351655850797e-06, 2.545139471330482e-07, -5.193676833370433e-07, 1.1665499189193035e-07, -5.021165530131588e-09, -1.8239251295555215e-10], [-0.6733527681035306, -0.10475863249334251, -0.0053075443097034365, 0.0007415484479660088, 3.184322618872823e-05, -3.214351655850797e-06, 42.10950983293262, -0.6655814099779283, -0.06163141998669447, 0.0009635612405696492, 0.0004657719814099696, -1.597980408211364e-05], [0.08064284685408558, 0.0018864784270840422, -0.0034343283153617844, 0.0002909806905818541, -1.195449277589918e-05, 2.545139471330482e-07, -0.6655814099779283, 0.36108027918147984, -0.04765839196249742, 0.0035117245164751404, -5.314556863576206e-05, -5.826825529422079e-06], [0.000943661702815235, 0.0031094990415239335, 0.00012131047913057822, -0.0001211712606970756, 1.4263823270055483e-05, -5.193676833370433e-07, -0.06163141998669447, -0.04765839196249742, 0.020783162695585115, -0.0028474230899701745, 0.00014362291432013318, -1.0947222136116805e-06], [-0.0010698776876629026, -0.00014156076605710772, 5.090074354865948e-05, 6.336198738302875e-06, -2.0687023098333923e-06, 1.1665499189193035e-07, 0.0009635612405696492, 0.0035117245164751404, -0.0028474230899701745, 0.0006626035344033187, -6.334546238061223e-05, 2.1798429611909807e-06], [-4.0381857096090205e-05, -1.7283600098890112e-05, -3.09813550566145e-06, 7.754852084627504e-07, 1.4000022288175213e-08, -5.021165530131588e-09, 0.0004657719814099696, -5.314556863576206e-05, 0.00014362291432013318, -6.334546238061223e-05, 9.055387619421888e-06, -4.230439657478809e-07], [7.199681985466198e-06, 1.3093164891116384e-06, -6.47180994770245e-08, -6.334914559612481e-08, 7.366857854893813e-09, -1.8239251295555215e-10, -1.597980408211364e-05, -5.826825529422079e-06, -1.0947222136116805e-06, 2.1798429611909807e-06, -4.230439657478809e-07, 2.3019328007912434e-08]], "best_aic_B": {"B_d": [[0.0011083344167537273], [2.019012961264662e-05], [7.896435984584656e-07]], "B_theta": [3.5440725786880235e-08], "B_const": [0.0009917609971548012]}, "best_aic_deg": 6, "best_aic_deg_idx": 5, "lr": [{"class_name": "PiecewiseConstantDecay", "config": {"boundaries": [8790], "values": [0.005, 0.005], "name": null}}, {"class_name": "PiecewiseConstantDecay", "config": {"boundaries": [8790], "values": [0.005, 0.005], "name": null}}, {"class_name": "PiecewiseConstantDecay", "config": {"boundaries": [8790], "values": [0.005, 0.005], "name": null}}, {"class_name": "PiecewiseConstantDecay", "config": {"boundaries": [8790], "values": [0.005, 0.005], "name": null}}, {"class_name": "PiecewiseConstantDecay", "config": {"boundaries": [8790], "values": [0.005, 0.005], "name": null}}, {"class_name": "PiecewiseConstantDecay", "config": {"boundaries": [8790], "values": [0.005, 0.005], "name": null}}, {"class_name": "PiecewiseConstantDecay", "config": {"boundaries": [8790], "values": [0.005, 0.005], "name": null}}, {"class_name": "PiecewiseConstantDecay", "config": {"boundaries": [8790], "values": [0.005, 0.005], "name": null}}], "optimizer": [{"class_name": "Adam", "config": {"name": "Adam", "learning_rate": {"class_name": "PiecewiseConstantDecay", "config": {"boundaries": [8790], "values": [0.005, 0.005], "name": null}}, "decay": 0.0, "beta_1": 0.9, "beta_2": 0.999, "epsilon": 1e-07, "amsgrad": false}}, {"class_name": "Adam", "config": {"name": "Adam", "learning_rate": {"class_name": "PiecewiseConstantDecay", "config": {"boundaries": [8790], "values": [0.005, 0.005], "name": null}}, "decay": 0.0, "beta_1": 0.9, "beta_2": 0.999, "epsilon": 1e-07, "amsgrad": false}}, {"class_name": "Adam", "config": {"name": "Adam", "learning_rate": {"class_name": "PiecewiseConstantDecay", "config": {"boundaries": [8790], "values": [0.005, 0.005], "name": null}}, "decay": 0.0, "beta_1": 0.9, "beta_2": 0.999, "epsilon": 1e-07, "amsgrad": false}}, {"class_name": "Adam", "config": {"name": "Adam", "learning_rate": {"class_name": "PiecewiseConstantDecay", "config": {"boundaries": [8790], "values": [0.005, 0.005], "name": null}}, "decay": 0.0, "beta_1": 0.9, "beta_2": 0.999, "epsilon": 1e-07, "amsgrad": false}}, {"class_name": "Adam", "config": {"name": "Adam", "learning_rate": {"class_name": "PiecewiseConstantDecay", "config": {"boundaries": [8790], "values": [0.005, 0.005], "name": null}}, "decay": 0.0, "beta_1": 0.9, "beta_2": 0.999, "epsilon": 1e-07, "amsgrad": false}}, {"class_name": "Adam", "config": {"name": "Adam", "learning_rate": {"class_name": "PiecewiseConstantDecay", "config": {"boundaries": [8790], "values": [0.005, 0.005], "name": null}}, "decay": 0.0, "beta_1": 0.9, "beta_2": 0.999, "epsilon": 1e-07, "amsgrad": false}}, {"class_name": "Adam", "config": {"name": "Adam", "learning_rate": {"class_name": "PiecewiseConstantDecay", "config": {"boundaries": [8790], "values": [0.005, 0.005], "name": null}}, "decay": 0.0, "beta_1": 0.9, "beta_2": 0.999, "epsilon": 1e-07, "amsgrad": false}}, {"class_name": "Adam", "config": {"name": "Adam", "learning_rate": {"class_name": "PiecewiseConstantDecay", "config": {"boundaries": [8790], "values": [0.005, 0.005], "name": null}}, "decay": 0.0, "beta_1": 0.9, "beta_2": 0.999, "epsilon": 1e-07, "amsgrad": false}}], "epochs": 50, "best_epochs": [49, 49, 49, 49, 49, 49, 49, 49], "batch_size": 1024}