{"degree": [1, 2, 3, 4, 5, 6, 7, 8], "losses": [152.49763362244667, -23.327730049153914, -131.56093543924362, -208.14551226395696, -260.62610026090164, -292.5884938321033, -306.82023448095964, -310.71096602497767], "A_list": [[[40.0284005366364, -1.594773450145682], [-1.594773450145682, 37.48356700075079]], [[41.454948118127525, -0.3894243016281957, -1.5171433841322448, 0.04196368595904625], [-0.3894243016281957, 0.10684067480541998, -0.05836730291523558, 0.00034389796704249715], [-1.5171433841322448, -0.05836730291523558, 39.55033835712962, -0.5065793031150878], [0.04196368595904625, 0.00034389796704249715, -0.5065793031150878, 0.1212625969656879]], [[40.833571077991024, -0.2730927962311253, -0.017670411869071773, -1.5517846167206835, 0.060150303515343916, -0.004516501939402798], [-0.2730927962311253, 0.20366634014863047, -0.013836660673612968, -0.06779029912304005, 0.0004661832505026453, 0.0010239760052720033], [-0.017670411869071773, -0.013836660673612968, 0.0019832596144183272, 0.0030768384142168177, -0.001113450980983268, 2.510055730837336e-06], [-1.5517846167206835, -0.06779029912304005, 0.0030768384142168177, 39.005236235358446, -0.38763094216944805, -0.01857310555668442], [0.060150303515343916, 0.0004661832505026453, -0.001113450980983268, -0.38763094216944805, 0.2238873389364743, -0.014827843125374562], [-0.004516501939402798, 0.0010239760052720033, 2.510055730837336e-06, -0.01857310555668442, -0.014827843125374562, 0.0021309424162369063]], [[40.66412840970519, -0.15586510729835273, -0.044816284809418495, 0.003199646248903888, -1.5567389837901247, 0.05432057790834914, -0.005127095157410689, 5.9447373703703435e-05], [-0.15586510729835273, 0.2243622377518866, -0.03346369953366958, 0.0019897429030409364, -0.06954654992325093, -0.0009302326456029122, 0.0035891626762331323, -0.0004116187557188246], [-0.044816284809418495, -0.03346369953366958, 0.013193840702825818, -0.0011643147747265492, 0.0020708707470785, -0.0027397186495543976, -8.753090963242622e-05, 5.924819514303072e-05], [0.003199646248903888, 0.0019897429030409364, -0.0011643147747265492, 0.00012116373647936948, -3.65193776837858e-05, 0.0003427227786507551, -4.38565574613992e-05, -1.0985778995556123e-06], [-1.5567389837901247, -0.06954654992325093, 0.0020708707470785, -3.65193776837858e-05, 38.65929088687098, -0.25941169956504023, -0.05275682126208513, 0.0038881282912575283], [0.05432057790834914, -0.0009302326456029122, -0.0027397186495543976, 0.0003427227786507551, -0.25941169956504023, 0.24891951483732394, -0.03613737719051413, 0.0021593776334631076], [-0.005127095157410689, 0.0035891626762331323, -8.753090963242622e-05, -4.38565574613992e-05, -0.05275682126208513, -0.03613737719051413, 0.014180577280304989, -0.0012510760094753086], [5.9447373703703435e-05, -0.0004116187557188246, 5.924819514303072e-05, -1.0985778995556123e-06, 0.0038881282912575283, 0.0021593776334631076, -0.0012510760094753086, 0.00013011563902090226]], [[40.466970413087395, -0.1415450947934607, -0.05227299847998776, 0.0034557043237835004, -7.088760472009509e-05, -1.5885701911878327, 0.0497622783901853, -0.0010120062614712262, -0.00039645594068826295, 5.248660563072816e-05], [-0.1415450947934607, 0.21192315446792284, -0.05038828743960995, 0.007655324829304867, -0.00045273592356354585, -0.05082051550540926, -0.0010979828555847371, 0.004666803168588391, -0.0011288390457573412, 8.910939219632738e-05], [-0.05227299847998776, -0.05038828743960995, 0.037462683584987416, -0.007914639719415572, 0.0005499361401087832, -0.0042671951570391045, -0.0030394772752006314, -0.0006262695597421504, 0.00045199698265698944, -4.934568855848693e-05], [0.0034557043237835004, 0.007655324829304867, -0.007914639719415572, 0.001959141298448683, -0.00015015972121657834, 0.001145064060615505, 0.0008163580579252307, -0.0001526488688978986, -3.687253493624385e-05, 7.104458371789995e-06], [-7.088760472009509e-05, -0.00045273592356354585, 0.0005499361401087832, -0.00015015972121657834, 1.228161304163503e-05, -4.806516594910345e-05, -6.754250230285624e-05, 2.4798589455766274e-05, -8.63917192365957e-07, -2.725343974917172e-07], [-1.5885701911878327, -0.05082051550540926, -0.0042671951570391045, 0.001145064060615505, -4.806516594910345e-05, 38.68922595098617, -0.21872554765996008, -0.0591903649356299, 0.0044801934728592304, -7.501373949134986e-05], [0.0497622783901853, -0.0010979828555847371, -0.0030394772752006314, 0.0008163580579252307, -6.754250230285624e-05, -0.21872554765996008, 0.23530371346080914, -0.054826221914005754, 0.00834768585799299, -0.0004984454779002067], [-0.0010120062614712262, 0.004666803168588391, -0.0006262695597421504, -0.0001526488688978986, 2.4798589455766274e-05, -0.0591903649356299, -0.054826221914005754, 0.04058225651817249, -0.00856467457486211, 0.000597826986247649], [-0.00039645594068826295, -0.0011288390457573412, 0.00045199698265698944, -3.687253493624385e-05, -8.63917192365957e-07, 0.0044801934728592304, 0.00834768585799299, -0.00856467457486211, 0.0021197293674887906, -0.00016293592380098093], [5.248660563072816e-05, 8.910939219632738e-05, -4.934568855848693e-05, 7.104458371789995e-06, -2.725343974917172e-07, -7.501373949134986e-05, -0.0004984454779002067, 0.000597826986247649, -0.00016293592380098093, 1.3341540894404083e-05]], [[40.55395864431327, -0.13232328444913954, -0.045774985203230846, -0.0006302708484521909, 0.0009033680275855006, -6.11028338779254e-05, -1.5361560918534478, 0.05047565130660695, -0.0003859165682091048, -0.0008998219646510052, 8.981447997743032e-05, -3.4816622342071445e-06], [-0.13232328444913954, 0.1951244588225196, -0.057614518867719185, 0.015627327787401557, -0.0022329048342033795, 0.00012107555459377173, -0.05109192415222764, -0.0016111247399696136, 0.004285469684080306, -0.0013617288775216669, 0.000217676822639751, -1.3831879907091318e-05], [-0.045774985203230846, -0.057614518867719185, 0.06147928939604753, -0.02170064157023737, 0.003359053146372325, -0.000192866798969801, -0.004317130758297707, -0.001856101516572849, -0.0012036144656338652, 0.0010181719509462527, -0.00022249792826795618, 1.603777587881691e-05], [-0.0006302708484521909, 0.015627327787401557, -0.02170064157023737, 0.00910324436000514, -0.001571337657447292, 9.77386522547201e-05, 0.001364281407551874, 0.0005028011166867705, -0.00010059429407418153, -0.0001955300202922186, 6.255981461228405e-05, -5.385481538579505e-06], [0.0009033680275855006, -0.0022329048342033795, 0.003359053146372325, -0.001571337657447292, 0.0002930550293633029, -1.930425398126974e-05, -0.00010427444841019908, -8.095634797881149e-05, 7.665645893470158e-05, 4.978395558635914e-06, -6.213439196717246e-06, 6.92453863101249e-07], [-6.11028338779254e-05, 0.00012107555459377173, -0.000192866798969801, 9.77386522547201e-05, -1.930425398126974e-05, 1.3266136029405174e-06, 1.79166353055278e-06, 5.855392140813818e-06, -7.573588649300287e-06, 1.1365530793329466e-06, 1.3245898731577938e-07, -2.8544085974305323e-08], [-1.5361560918534478, -0.05109192415222764, -0.004317130758297707, 0.001364281407551874, -0.00010427444841019908, 1.79166353055278e-06, 38.763926036418454, -0.2114406022751806, -0.0515805036211337, -0.000720875150478445, 0.0010152131523997361, -7.377487406289799e-05], [0.05047565130660695, -0.0016111247399696136, -0.001856101516572849, 0.0005028011166867705, -8.095634797881149e-05, 5.855392140813818e-06, -0.2114406022751806, 0.21625114851609514, -0.06177983374718505, 0.01662716136631318, -0.002369477701015088, 0.00012778982818116612], [-0.0003859165682091048, 0.004285469684080306, -0.0012036144656338652, -0.00010059429407418153, 7.665645893470158e-05, -7.573588649300287e-06, -0.0515805036211337, -0.06177983374718505, 0.06594350492394242, -0.023191548892570475, 0.0035820643057359125, -0.00020530997381528195], [-0.0008998219646510052, -0.0013617288775216669, 0.0010181719509462527, -0.0001955300202922186, 4.978395558635914e-06, 1.1365530793329466e-06, -0.000720875150478445, 0.01662716136631318, -0.023191548892570475, 0.00970160774791989, -0.0016728453393848807, 0.00010398264003287934], [8.981447997743032e-05, 0.000217676822639751, -0.00022249792826795618, 6.255981461228405e-05, -6.213439196717246e-06, 1.3245898731577938e-07, 0.0010152131523997361, -0.002369477701015088, 0.0035820643057359125, -0.0016728453393848807, 0.0003119732167737616, -2.0552472800016056e-05], [-3.4816622342071445e-06, -1.3831879907091318e-05, 1.603777587881691e-05, -5.385481538579505e-06, 6.92453863101249e-07, -2.8544085974305323e-08, -7.377487406289799e-05, 0.00012778982818116612, -0.00020530997381528195, 0.00010398264003287934, -2.0552472800016056e-05, 1.4132224797636735e-06]], [[40.64101498498419, -0.12080045362227582, -0.05317686467914916, 0.0013844275196006933, 0.0005889996498074651, -4.7863508700865786e-05, -5.383227943423623e-07, -1.5821039092990532, 0.045164006901319886, -0.0003182661579410606, -0.000750133830183769, 1.6168228293641368e-05, 9.71365326847512e-06, -8.642500805387452e-07], [-0.12080045362227582, 0.17314942498071098, -0.04193755679095378, 0.011508628529765327, -0.0017356882921901848, 7.813241017656112e-05, 3.344022271115483e-06, -0.05026191417949581, -0.0013416193314666307, 0.003474153980182434, -0.0009731529760969781, 0.00015986613654226712, -1.514672162284041e-05, 6.326429205210774e-07], [-0.05317686467914916, -0.04193755679095378, 0.05023431522120825, -0.01916045188922076, 0.003261544690041653, -0.00021801491141557934, 1.5747862097918759e-06, -0.004892908048763456, -0.0013024235238195767, -0.0012953529316171138, 0.0009486202643975206, -0.00022026184468987528, 2.130755198663643e-05, -6.898994501330579e-07], [0.0013844275196006933, 0.011508628529765327, -0.01916045188922076, 0.009548571056322648, -0.002134082362743494, 0.0002202924097482881, -8.292287114674732e-06, 0.0016274966368232428, 0.00010258868719228596, 0.00020997528433860848, -0.00030537503224770633, 0.0001037544605038427, -1.448594626053778e-05, 7.431620727090224e-07], [0.0005889996498074651, -0.0017356882921901848, 0.003261544690041653, -0.002134082362743494, 0.0006243902628405548, -8.548662283495069e-05, 4.475280842785922e-06, -0.00010877348970147213, 1.5047184788695759e-05, -2.451868170400733e-05, 4.699716663252951e-05, -2.1705372236108524e-05, 3.909342302378476e-06, -2.4895958828338685e-07], [-4.7863508700865786e-05, 7.813241017656112e-05, -0.00021801491141557934, 0.0002202924097482881, -8.548662283495069e-05, 1.431628804948071e-05, -8.765861901911064e-07, -8.936176611171321e-06, -1.888180846102924e-06, 3.206632033263558e-06, -3.389459193335548e-06, 2.050427036512462e-06, -4.5808115126386376e-07, 3.391333926835158e-08], [-5.383227943423623e-07, 3.344022271115483e-06, 1.5747862097918759e-06, -8.292287114674732e-06, 4.475280842785922e-06, -8.765861901911064e-07, 5.905786779396822e-08, 1.5919029441556879e-06, 3.0349205864045e-08, -2.365870354480534e-07, 7.50793555977953e-08, -6.496672234932475e-08, 1.897426303343478e-08, -1.6333399381333394e-09], [-1.5821039092990532, -0.05026191417949581, -0.004892908048763456, 0.0016274966368232428, -0.00010877348970147213, -8.936176611171321e-06, 1.5919029441556879e-06, 38.82195284099847, -0.20724736867912047, -0.059741025255116285, 0.0012764569521439041, 0.0008200236097813131, -8.220805991028953e-05, 1.2030058530334698e-06], [0.045164006901319886, -0.0013416193314666307, -0.0013024235238195767, 0.00010258868719228596, 1.5047184788695759e-05, -1.888180846102924e-06, 3.0349205864045e-08, -0.20724736867912047, 0.19242542973743326, -0.044787558986982105, 0.012047626578255595, -0.0017721895631657245, 7.234012048497524e-05, 4.034433991471827e-06], [-0.0003182661579410606, 0.003474153980182434, -0.0012953529316171138, 0.00020997528433860848, -2.451868170400733e-05, 3.206632033263558e-06, -2.365870354480534e-07, -0.059741025255116285, -0.044787558986982105, 0.053517755874081155, -0.020085117915435467, 0.0033362252802624855, -0.00020931939864620417, 3.7150452894068856e-07], [-0.000750133830183769, -0.0009731529760969781, 0.0009486202643975206, -0.00030537503224770633, 4.699716663252951e-05, -3.389459193335548e-06, 7.50793555977953e-08, 0.0012764569521439041, 0.012047626578255595, -0.020085117915435467, 0.009849967019587496, -0.002159923858647398, 0.0002169586518233907, -7.8259871973121e-06], [1.6168228293641368e-05, 0.00015986613654226712, -0.00022026184468987528, 0.0001037544605038427, -2.1705372236108524e-05, 2.050427036512462e-06, -6.496672234932475e-08, 0.0008200236097813131, -0.0017721895631657245, 0.0033362252802624855, -0.002159923858647398, 0.0006269020144388042, -8.522881413220031e-05, 4.435766524976228e-06], [9.71365326847512e-06, -1.514672162284041e-05, 2.130755198663643e-05, -1.448594626053778e-05, 3.909342302378476e-06, -4.5808115126386376e-07, 1.897426303343478e-08, -8.220805991028953e-05, 7.234012048497524e-05, -0.00020931939864620417, 0.0002169586518233907, -8.522881413220031e-05, 1.4375899266967588e-05, -8.84546217094129e-07], [-8.642500805387452e-07, 6.326429205210774e-07, -6.898994501330579e-07, 7.431620727090224e-07, -2.4895958828338685e-07, 3.391333926835158e-08, -1.6333399381333394e-09, 1.2030058530334698e-06, 4.034433991471827e-06, 3.7150452894068856e-07, -7.8259871973121e-06, 4.435766524976228e-06, -8.84546217094129e-07, 6.016168203796365e-08]], [[40.59255152039288, -0.10107363841238304, -0.057641007778771014, 0.003676409285283635, -0.00021312617297449595, 0.00019383456745618907, -4.2037946337343216e-05, 2.85895568575333e-06, -1.5309235192000437, 0.05165978851632251, 0.002123674723000617, -0.0014428019781912499, 0.00016120262571826116, -1.8684392363663315e-05, 4.070914988157605e-06, -4.333034732374496e-07], [-0.10107363841238304, 0.17301946072120458, -0.042776438786010985, 0.011680373477308659, -0.0013397214676235932, -0.00016459074505479636, 5.264696058920428e-05, -3.412494323242115e-06, -0.05849567486888587, -0.0004765773414733542, 0.0030129979958835513, -0.0006205243003456036, 5.9540809656603626e-05, 3.748846214418432e-06, -2.055858448578646e-06, 1.8078861982859472e-07], [-0.057641007778771014, -0.042776438786010985, 0.051985568368746495, -0.019533669874963234, 0.0025894507512042937, 0.00018614117043991546, -7.895249092947836e-05, 5.477302048187207e-06, -0.0012491313356469975, -0.002160297860368871, -0.00019079925428128587, 0.00036951829607554185, -7.227201715260527e-05, -3.5256485050142046e-06, 2.398738967675413e-06, -1.929195738862594e-07], [0.003676409285283635, 0.011680373477308659, -0.019533669874963234, 0.009329088105966265, -0.0015636216256073743, -5.7107183796354845e-05, 4.377189274817563e-05, -3.445772368914617e-06, -9.260177482201139e-05, 0.0004186534195484866, -0.0003611860608383181, -6.143265785355762e-06, 2.9542282902284934e-05, -3.0969851973034387e-06, -5.419950440089416e-07, 7.735359774993663e-08], [-0.00021312617297449595, -0.0013397214676235932, 0.0025894507512042937, -0.0015636216256073743, 0.0003281183118088039, 2.409872511660159e-06, -8.760247834708865e-06, 7.823589693826021e-07, 0.00026252203426549805, -3.753445357167115e-05, 0.00011338419348229751, -3.0642101636608305e-05, -1.7417233116655967e-06, 1.3320740016425475e-06, -8.403753081192905e-08, -4.524634757414876e-09], [0.00019383456745618907, -0.00016459074505479636, 0.00018614117043991546, -5.7107183796354845e-05, 2.409872511660159e-06, 1.2550849800629693e-06, -1.2404884874272182e-07, -2.157554296089359e-09, -2.8960903633137566e-05, 2.1867406151832172e-07, -8.564960419863596e-06, 5.560118320537654e-06, -9.17552231584518e-07, -7.992473144246637e-08, 3.407207065454294e-08, -2.3790007615009484e-09], [-4.2037946337343216e-05, 5.264696058920428e-05, -7.895249092947836e-05, 4.377189274817563e-05, -8.760247834708865e-06, -1.2404884874272182e-07, 2.398982504771401e-07, -2.086083203095917e-08, -2.7641052521433543e-06, 4.897825822636016e-07, -9.741057921417744e-07, -7.20862086439699e-08, 1.6167312493112314e-07, -2.4963904372052635e-08, -1.6521088740594686e-09, 3.852021842535686e-10], [2.85895568575333e-06, -3.412494323242115e-06, 5.477302048187207e-06, -3.445772368914617e-06, 7.823589693826021e-07, -2.157554296089359e-09, -2.086083203095917e-08, 1.9607676009673167e-09, 4.7150267138342085e-07, -4.7037547911841806e-08, 1.3278643603756208e-07, -3.308774813778771e-08, -6.76292454204828e-09, 2.857492906312095e-09, -1.571526729084916e-10, -1.2248958874158863e-11], [-1.5309235192000437, -0.05849567486888587, -0.0012491313356469975, -9.260177482201139e-05, 0.00026252203426549805, -2.8960903633137566e-05, -2.7641052521433543e-06, 4.7150267138342085e-07, 38.66123683580962, -0.2084550448064944, -0.05717781377696718, -0.00019535395481648792, 0.0010136792277717149, -3.1572188766146874e-05, -1.2804098463044113e-05, 1.0803137065918476e-06], [0.05165978851632251, -0.0004765773414733542, -0.002160297860368871, 0.0004186534195484866, -3.753445357167115e-05, 2.1867406151832172e-07, 4.897825822636016e-07, -4.7037547911841806e-08, -0.2084550448064944, 0.1956055817748588, -0.04732515407988191, 0.012842224911252116, -0.0014567586927085366, -0.00017643353146171032, 5.6088277292230494e-05, -3.611400589935428e-06], [0.002123674723000617, 0.0030129979958835513, -0.00019079925428128587, -0.0003611860608383181, 0.00011338419348229751, -8.564960419863596e-06, -9.741057921417744e-07, 1.3278643603756208e-07, -0.05717781377696718, -0.04732515407988191, 0.05650619115605948, -0.021031809252107653, 0.002736873711004442, 0.00021342683593503304, -8.635341042272862e-05, 5.96013900397403e-06], [-0.0014428019781912499, -0.0006205243003456036, 0.00036951829607554185, -6.143265785355762e-06, -3.0642101636608305e-05, 5.560118320537654e-06, -7.20862086439699e-08, -3.308774813778771e-08, -0.00019535395481648792, 0.012842224911252116, -0.021031809252107653, 0.009924715225246636, -0.0016302158184625718, -7.065071751055729e-05, 4.7817104600728334e-05, -3.7304785230038077e-06], [0.00016120262571826116, 5.9540809656603626e-05, -7.227201715260527e-05, 2.9542282902284934e-05, -1.7417233116655967e-06, -9.17552231584518e-07, 1.6167312493112314e-07, -6.76292454204828e-09, 0.0010136792277717149, -0.0014567586927085366, 0.002736873711004442, -0.0016302158184625718, 0.0003366324607878634, 4.501286611912139e-06, -9.451681844576936e-06, 8.354094149039878e-07], [-1.8684392363663315e-05, 3.748846214418432e-06, -3.5256485050142046e-06, -3.0969851973034387e-06, 1.3320740016425475e-06, -7.992473144246637e-08, -2.4963904372052635e-08, 2.857492906312095e-09, -3.1572188766146874e-05, -0.00017643353146171032, 0.00021342683593503304, -7.065071751055729e-05, 4.501286611912139e-06, 1.3720509636811128e-06, -1.8399769359251382e-07, 2.149582802061652e-09], [4.070914988157605e-06, -2.055858448578646e-06, 2.398738967675413e-06, -5.419950440089416e-07, -8.403753081192905e-08, 3.407207065454294e-08, -1.6521088740594686e-09, -1.571526729084916e-10, -1.2804098463044113e-05, 5.6088277292230494e-05, -8.635341042272862e-05, 4.7817104600728334e-05, -9.451681844576936e-06, -1.8399769359251382e-07, 2.700991914546633e-07, -2.3298761336700377e-08], [-4.333034732374496e-07, 1.8078861982859472e-07, -1.929195738862594e-07, 7.735359774993663e-08, -4.524634757414876e-09, -2.3790007615009484e-09, 3.852021842535686e-10, -1.2248958874158863e-11, 1.0803137065918476e-06, -3.611400589935428e-06, 5.96013900397403e-06, -3.7304785230038077e-06, 8.354094149039878e-07, 2.149582802061652e-09, -2.3298761336700377e-08, 2.1663906504682506e-09]]], "B_list": [{"B_diag": [0.9509658777070751], "B_by_diag": [-0.007434835607171895]}, {"B_diag": [0.024426851686214408], "B_by_diag": [0.0001727727975942302]}, {"B_diag": [0.0023530554659913962], "B_by_diag": [-1.9136084302673387e-05]}, {"B_diag": [0.00044669463909252736], "B_by_diag": [-9.227896568785884e-06]}, {"B_diag": [0.00013071258564426887], "B_by_diag": [-2.560052048533525e-06]}, {"B_diag": [5.6784393971908554e-05], "B_by_diag": [-9.798589871562248e-07]}, {"B_diag": [4.0702131500432204e-05], "B_by_diag": [6.660465381112475e-07]}, {"B_diag": [3.6554650816202155e-05], "B_by_diag": [-6.872186763384541e-07]}], "bic_scores": [162.3271977042575, 0.2632237471920398, -86.34494066291387, -133.44082524219476, -148.56906972825834, -135.3154685231303, -96.46756313020822, -39.414997366999216], "best_bic": -148.56906972825834, "best_bic_A": [[40.466970413087395, -0.1415450947934607, -0.05227299847998776, 0.0034557043237835004, -7.088760472009509e-05, -1.5885701911878327, 0.0497622783901853, -0.0010120062614712262, -0.00039645594068826295, 5.248660563072816e-05], [-0.1415450947934607, 0.21192315446792284, -0.05038828743960995, 0.007655324829304867, -0.00045273592356354585, -0.05082051550540926, -0.0010979828555847371, 0.004666803168588391, -0.0011288390457573412, 8.910939219632738e-05], [-0.05227299847998776, -0.05038828743960995, 0.037462683584987416, -0.007914639719415572, 0.0005499361401087832, -0.0042671951570391045, -0.0030394772752006314, -0.0006262695597421504, 0.00045199698265698944, -4.934568855848693e-05], [0.0034557043237835004, 0.007655324829304867, -0.007914639719415572, 0.001959141298448683, -0.00015015972121657834, 0.001145064060615505, 0.0008163580579252307, -0.0001526488688978986, -3.687253493624385e-05, 7.104458371789995e-06], [-7.088760472009509e-05, -0.00045273592356354585, 0.0005499361401087832, -0.00015015972121657834, 1.228161304163503e-05, -4.806516594910345e-05, -6.754250230285624e-05, 2.4798589455766274e-05, -8.63917192365957e-07, -2.725343974917172e-07], [-1.5885701911878327, -0.05082051550540926, -0.0042671951570391045, 0.001145064060615505, -4.806516594910345e-05, 38.68922595098617, -0.21872554765996008, -0.0591903649356299, 0.0044801934728592304, -7.501373949134986e-05], [0.0497622783901853, -0.0010979828555847371, -0.0030394772752006314, 0.0008163580579252307, -6.754250230285624e-05, -0.21872554765996008, 0.23530371346080914, -0.054826221914005754, 0.00834768585799299, -0.0004984454779002067], [-0.0010120062614712262, 0.004666803168588391, -0.0006262695597421504, -0.0001526488688978986, 2.4798589455766274e-05, -0.0591903649356299, -0.054826221914005754, 0.04058225651817249, -0.00856467457486211, 0.000597826986247649], [-0.00039645594068826295, -0.0011288390457573412, 0.00045199698265698944, -3.687253493624385e-05, -8.63917192365957e-07, 0.0044801934728592304, 0.00834768585799299, -0.00856467457486211, 0.0021197293674887906, -0.00016293592380098093], [5.248660563072816e-05, 8.910939219632738e-05, -4.934568855848693e-05, 7.104458371789995e-06, -2.725343974917172e-07, -7.501373949134986e-05, -0.0004984454779002067, 0.000597826986247649, -0.00016293592380098093, 1.3341540894404083e-05]], "best_bic_B": {"B_diag": [0.00013071258564426887], "B_by_diag": [-2.560052048533525e-06]}, "best_bic_deg": 5, "best_bic_deg_idx": 4, "aic_scores": [157.49763362244667, -11.327730049153914, -108.56093543924362, -170.14551226395696, -203.62610026090164, -212.58849383210332, -199.82023448095964, -172.71096602497767], "best_aic": -212.58849383210332, "best_aic_A": [[40.55395864431327, -0.13232328444913954, -0.045774985203230846, -0.0006302708484521909, 0.0009033680275855006, -6.11028338779254e-05, -1.5361560918534478, 0.05047565130660695, -0.0003859165682091048, -0.0008998219646510052, 8.981447997743032e-05, -3.4816622342071445e-06], [-0.13232328444913954, 0.1951244588225196, -0.057614518867719185, 0.015627327787401557, -0.0022329048342033795, 0.00012107555459377173, -0.05109192415222764, -0.0016111247399696136, 0.004285469684080306, -0.0013617288775216669, 0.000217676822639751, -1.3831879907091318e-05], [-0.045774985203230846, -0.057614518867719185, 0.06147928939604753, -0.02170064157023737, 0.003359053146372325, -0.000192866798969801, -0.004317130758297707, -0.001856101516572849, -0.0012036144656338652, 0.0010181719509462527, -0.00022249792826795618, 1.603777587881691e-05], [-0.0006302708484521909, 0.015627327787401557, -0.02170064157023737, 0.00910324436000514, -0.001571337657447292, 9.77386522547201e-05, 0.001364281407551874, 0.0005028011166867705, -0.00010059429407418153, -0.0001955300202922186, 6.255981461228405e-05, -5.385481538579505e-06], [0.0009033680275855006, -0.0022329048342033795, 0.003359053146372325, -0.001571337657447292, 0.0002930550293633029, -1.930425398126974e-05, -0.00010427444841019908, -8.095634797881149e-05, 7.665645893470158e-05, 4.978395558635914e-06, -6.213439196717246e-06, 6.92453863101249e-07], [-6.11028338779254e-05, 0.00012107555459377173, -0.000192866798969801, 9.77386522547201e-05, -1.930425398126974e-05, 1.3266136029405174e-06, 1.79166353055278e-06, 5.855392140813818e-06, -7.573588649300287e-06, 1.1365530793329466e-06, 1.3245898731577938e-07, -2.8544085974305323e-08], [-1.5361560918534478, -0.05109192415222764, -0.004317130758297707, 0.001364281407551874, -0.00010427444841019908, 1.79166353055278e-06, 38.763926036418454, -0.2114406022751806, -0.0515805036211337, -0.000720875150478445, 0.0010152131523997361, -7.377487406289799e-05], [0.05047565130660695, -0.0016111247399696136, -0.001856101516572849, 0.0005028011166867705, -8.095634797881149e-05, 5.855392140813818e-06, -0.2114406022751806, 0.21625114851609514, -0.06177983374718505, 0.01662716136631318, -0.002369477701015088, 0.00012778982818116612], [-0.0003859165682091048, 0.004285469684080306, -0.0012036144656338652, -0.00010059429407418153, 7.665645893470158e-05, -7.573588649300287e-06, -0.0515805036211337, -0.06177983374718505, 0.06594350492394242, -0.023191548892570475, 0.0035820643057359125, -0.00020530997381528195], [-0.0008998219646510052, -0.0013617288775216669, 0.0010181719509462527, -0.0001955300202922186, 4.978395558635914e-06, 1.1365530793329466e-06, -0.000720875150478445, 0.01662716136631318, -0.023191548892570475, 0.00970160774791989, -0.0016728453393848807, 0.00010398264003287934], [8.981447997743032e-05, 0.000217676822639751, -0.00022249792826795618, 6.255981461228405e-05, -6.213439196717246e-06, 1.3245898731577938e-07, 0.0010152131523997361, -0.002369477701015088, 0.0035820643057359125, -0.0016728453393848807, 0.0003119732167737616, -2.0552472800016056e-05], [-3.4816622342071445e-06, -1.3831879907091318e-05, 1.603777587881691e-05, -5.385481538579505e-06, 6.92453863101249e-07, -2.8544085974305323e-08, -7.377487406289799e-05, 0.00012778982818116612, -0.00020530997381528195, 0.00010398264003287934, -2.0552472800016056e-05, 1.4132224797636735e-06]], "best_aic_B": {"B_diag": [5.6784393971908554e-05], "B_by_diag": [-9.798589871562248e-07]}, "best_aic_deg": 6, "best_aic_deg_idx": 5, "lr": 0.005, "optimizer": null, "epochs": 100, "best_epochs": [79, 82, 63, 70, 66, 90, 99, 98], "batch_size": 1024}