{"degree": [1, 2, 3, 4, 5, 6, 7, 8], "losses": [-8.859209601846208, -122.74727818423607, -189.3312752042291, -226.9310680669239, -246.60918653347792, -254.57736538074573, -256.3531907398599, -256.6410741019134], "A_list": [[[0.9558906644058761, -0.0030546333096405313], [-0.0030546333096405313, 0.996862689935014]], [[1.0138552199009476, -0.016322103168190612, -0.0051262273882419305, 0.0017523110597964676], [-0.016322103168190612, 0.004400536243460551, -0.0012521378590630429, -9.661307817524233e-05], [-0.0051262273882419305, -0.0012521378590630429, 1.0556693446436034, -0.01633192051580769], [0.0017523110597964676, -9.661307817524233e-05, -0.01633192051580769, 0.004623919587631904]], [[0.9922120907222226, -0.018980664519772057, 0.00021048249532579786, -0.005559089592591319, 0.0029829807547236574, -0.00011834501967998478], [-0.018980664519772057, 0.017808594152185688, -0.0018731799346031737, -0.0013093945150257453, -0.00021495313568173995, 1.527720467234146e-05], [0.00021048249532579786, -0.0018731799346031737, 0.00026061623229601454, 8.553106263964615e-05, -2.17181463848502e-06, -2.409593738745742e-07], [-0.005559089592591319, -0.0013093945150257453, 8.553106263964615e-05, 1.0288735697877676, -0.01864193693074374, 0.00017397604099689344], [0.0029829807547236574, -0.00021495313568173995, -2.17181463848502e-06, -0.01864193693074374, 0.018391198540656413, -0.0019343138554800052], [-0.00011834501967998478, 1.527720467234146e-05, -2.409593738745742e-07, 0.00017397604099689344, -0.0019343138554800052, 0.00027025933367718757]], [[0.9786852438310909, -0.018354053981727302, 0.0009060816231170456, -5.9934744845607216e-05, -0.007021447877266983, 0.003087728660715495, -0.00019322495271780304, 1.9347358517607376e-05], [-0.018354053981727302, 0.03600090034966575, -0.00933241636411582, 0.0007628738913831373, -0.00099138876346245, -0.00034142829174238867, 0.00010400818336597408, -1.3548329615409597e-05], [0.0009060816231170456, -0.00933241636411582, 0.0032529196946332775, -0.0003074657276914833, -0.00010076557716659798, 6.124037174364566e-05, -3.62780134823235e-05, 5.1570910090683946e-06], [-5.9934744845607216e-05, 0.0007628738913831373, -0.0003074657276914833, 3.1515003380316e-05, 1.7876060316234506e-05, -3.9679021999718e-06, 2.242794840167729e-06, -3.3135237570669965e-07], [-0.007021447877266983, -0.00099138876346245, -0.00010076557716659798, 1.7876060316234506e-05, 1.014558625247956, -0.01674884666475812, 0.0006163263265643318, -2.3757116265870076e-05], [0.003087728660715495, -0.00034142829174238867, 6.124037174364566e-05, -3.9679021999718e-06, -0.01674884666475812, 0.03655509270514053, -0.009454609773516824, 0.0007651462105765404], [-0.00019322495271780304, 0.00010400818336597408, -3.62780134823235e-05, 2.242794840167729e-06, 0.0006163263265643318, -0.009454609773516824, 0.003320524719668293, -0.0003127696557426713], [1.9347358517607376e-05, -1.3548329615409597e-05, 5.1570910090683946e-06, -3.3135237570669965e-07, -2.3757116265870076e-05, 0.0007651462105765404, -0.0003127696557426713, 3.204050978226973e-05]], [[0.9715788174318848, -0.01718250679879378, 0.0031714514354788726, -0.0007568788773695668, 5.4722354785965305e-05, -0.008814568288015683, 0.002538432322292922, 4.245059925596846e-05, -7.002829342496032e-05, 5.233821689873129e-06], [-0.01718250679879378, 0.053916811134492384, -0.025024549536190436, 0.004797207945489243, -0.0003280342143311984, 0.00019302675802210665, -0.0008974238077160437, 0.0005311014614676438, -0.00010459894208908844, 6.686321885140742e-06], [0.0031714514354788726, -0.025024549536190436, 0.015562691831930098, -0.0034191394517444286, 0.0002543531487999346, -0.0008520198653086071, 0.0003813635392912762, -0.00027770960697699157, 5.818919067291054e-05, -3.975968861468627e-06], [-0.0007568788773695668, 0.004797207945489243, -0.0034191394517444286, 0.0008155519230080018, -6.414549202976428e-05, 0.0001887497037748422, -8.074243356789069e-05, 6.130467772143317e-05, -1.32838520703621e-05, 9.655903610758982e-07], [5.4722354785965305e-05, -0.0003280342143311984, 0.0002543531487999346, -6.414549202976428e-05, 5.247713782158318e-06, -1.4028538597581489e-05, 5.836172747908227e-06, -4.591748888764753e-06, 1.011069331077848e-06, -7.487814421484477e-08], [-0.008814568288015683, 0.00019302675802210665, -0.0008520198653086071, 0.0001887497037748422, -1.4028538597581489e-05, 1.0088339337992898, -0.016326939527533415, 0.0031815477150193487, -0.0008089718852527727, 6.1448975093311e-05], [0.002538432322292922, -0.0008974238077160437, 0.0003813635392912762, -8.074243356789069e-05, 5.836172747908227e-06, -0.016326939527533415, 0.05533743694966878, -0.02571342258513882, 0.004953565854741526, -0.00033957289265945965], [4.245059925596846e-05, 0.0005311014614676438, -0.00027770960697699157, 6.130467772143317e-05, -4.591748888764753e-06, 0.0031815477150193487, -0.02571342258513882, 0.01602462554029209, -0.003528249126691099, 0.0002622363265003325], [-7.002829342496032e-05, -0.00010459894208908844, 5.818919067291054e-05, -1.32838520703621e-05, 1.011069331077848e-06, -0.0008089718852527727, 0.004953565854741526, -0.003528249126691099, 0.0008429942956180867, -6.620126274237489e-05], [5.233821689873129e-06, 6.686321885140742e-06, -3.975968861468627e-06, 9.655903610758982e-07, -7.487814421484477e-08, 6.1448975093311e-05, -0.00033957289265945965, 0.0002622363265003325, -6.620126274237489e-05, 5.402319926855234e-06]], [[0.9670053918559973, -0.01144520723884858, 0.0009196249326095915, -0.00042723902513531716, 2.9690082700506598e-05, 1.8120046888799182e-06, -0.006818491173432196, 0.0013774304187279952, 0.0006677286166428111, -0.00026372743417943893, 3.770494157530502e-05, -2.4892993389043076e-06], [-0.01144520723884858, 0.045557026925919536, -0.02205835725053543, 0.004701660381871782, -0.0004041568363272444, 7.293678238970385e-06, -0.0005558784273155316, -0.00053546691290982, 0.00015459185257073657, 4.854759414349182e-05, -2.1540518099919517e-05, 1.9809644295150454e-06], [0.0009196249326095915, -0.02205835725053543, 0.016313275311617463, -0.004712630847072284, 0.0005977029417588412, -2.72433526907051e-05, -3.480127805250847e-05, 0.0001237002334951135, 2.5585306755017448e-06, -5.2742372567468234e-05, 1.54051176777574e-05, -1.3093918245514507e-06], [-0.00042723902513531716, 0.004701660381871782, -0.004712630847072284, 0.0017663812114699418, -0.0002879504810805821, 1.723412280641466e-05, -0.00011231903383152426, 1.4756970402908801e-05, -4.022712934789988e-05, 2.544606192617844e-05, -5.54130667335827e-06, 4.254122033313169e-07], [2.9690082700506598e-05, -0.0004041568363272444, 0.0005977029417588412, -0.0002879504810805821, 5.618595146381728e-05, -3.8728427876750614e-06, 3.801905727676191e-05, -8.981412790829024e-06, 1.1026749408799408e-05, -4.735952202461389e-06, 8.477774114847902e-07, -5.7994298791026704e-08], [1.8120046888799182e-06, 7.293678238970385e-06, -2.72433526907051e-05, 1.723412280641466e-05, -3.8728427876750614e-06, 2.9232912012036667e-07, -3.4092218806631485e-06, 9.061941321698471e-07, -9.389045679805458e-07, 3.3408536591589007e-07, -5.126657990290343e-08, 3.0765340807572225e-09], [-0.006818491173432196, -0.0005558784273155316, -3.480127805250847e-05, -0.00011231903383152426, 3.801905727676191e-05, -3.4092218806631485e-06, 1.0061251850857682, -0.011098823745374048, 0.001409642637227317, -0.0007046246839502282, 8.906424155941466e-05, -2.221784483157016e-06], [0.0013774304187279952, -0.00053546691290982, 0.0001237002334951135, 1.4756970402908801e-05, -8.981412790829024e-06, 9.061941321698471e-07, -0.011098823745374048, 0.04666374686060814, -0.0228432269075027, 0.004971059977612611, -0.0004439454187313279, 9.530886794364919e-06], [0.0006677286166428111, 0.00015459185257073657, 2.5585306755017448e-06, -4.022712934789988e-05, 1.1026749408799408e-05, -9.389045679805458e-07, 0.001409642637227317, -0.0228432269075027, 0.017072844813206322, -0.004986897930758405, 0.0006405504795627771, -2.981047083359287e-05], [-0.00026372743417943893, 4.854759414349182e-05, -5.2742372567468234e-05, 2.544606192617844e-05, -4.735952202461389e-06, 3.3408536591589007e-07, -0.0007046246839502282, 0.004971059977612611, -0.004986897930758405, 0.0018743342722266725, -0.0003062030938552373, 1.8397420376482874e-05], [3.770494157530502e-05, -2.1540518099919517e-05, 1.54051176777574e-05, -5.54130667335827e-06, 8.477774114847902e-07, -5.126657990290343e-08, 8.906424155941466e-05, -0.0004439454187313279, 0.0006405504795627771, -0.0003062030938552373, 5.950829686167042e-05, -4.096921511556849e-06], [-2.4892993389043076e-06, 1.9809644295150454e-06, -1.3093918245514507e-06, 4.254122033313169e-07, -5.7994298791026704e-08, 3.0765340807572225e-09, -2.221784483157016e-06, 9.530886794364919e-06, -2.981047083359287e-05, 1.8397420376482874e-05, -4.096921511556849e-06, 3.0799878040590886e-07]], [[0.9701091667886482, -0.012931759090636118, 0.001795643909460374, -0.0005291996826659803, -4.207517760749165e-05, 2.4749118741756275e-05, -1.9178966316243358e-06, -0.006102186801279551, 0.0021374916671355305, 0.00029308821494590905, -9.168045982114994e-05, -1.685562688508621e-05, 8.2886851324831e-06, -8.045660996458075e-07], [-0.012931759090636118, 0.04950582141842125, -0.02509985189383795, 0.00480332994070022, 7.928699697815716e-05, -0.0001318285031885363, 1.137581461287839e-05, -0.0007317774871985562, -0.0005981875000716756, 0.00017167342927712706, 2.8288686563193517e-06, 1.816748790719809e-06, -2.8115494411749904e-06, 3.3059883740137855e-07], [0.001795643909460374, -0.02509985189383795, 0.018393070452772987, -0.004394080174750226, 3.785475170189904e-05, 0.00011632151352393651, -1.1285952924229777e-05, -3.399731311829576e-05, 8.867889652208401e-05, 5.9843235665514665e-06, -2.2490680962321653e-05, -4.5041950207765336e-07, 1.7343101371681427e-06, -1.9902804121817823e-07], [-0.0005291996826659803, 0.00480332994070022, -0.004394080174750226, 0.001247604959590548, -3.566956942991801e-05, -3.2811953302287236e-05, 3.532540287053523e-06, -7.363324282453422e-05, 1.4351456918550266e-05, -2.685900388252365e-05, 1.0700948973041698e-05, 1.09329812866547e-07, -4.985544045199632e-07, 5.5246216763585835e-08], [-4.207517760749165e-05, 7.928699697815716e-05, 3.785475170189904e-05, -3.566956942991801e-05, 4.245795333852063e-06, 8.828561236519847e-07, -1.443922019224914e-07, 2.3268269572634673e-05, -1.046700486044744e-06, 2.566868712062285e-06, -6.856737477061949e-07, -2.0078216667584685e-08, 2.043063508181697e-08, -1.7924431524541686e-09], [2.4749118741756275e-05, -0.0001318285031885363, 0.00011632151352393651, -3.2811953302287236e-05, 8.828561236519847e-07, 8.731622521629218e-07, -9.309447339349227e-08, -6.659537734682295e-07, -1.0993946318674489e-06, 6.917242114672383e-07, -2.1137602798289922e-07, -1.0157525109477274e-08, 1.1830707077206024e-08, -1.2775823123870642e-09], [-1.9178966316243358e-06, 1.137581461287839e-05, -1.1285952924229777e-05, 3.532540287053523e-06, -1.443922019224914e-07, -9.309447339349227e-08, 1.0701410148664436e-08, -1.8829012761249904e-07, 1.5989271815597177e-07, -1.155167577092017e-07, 2.9920456707712716e-08, 1.7359404347083387e-09, -1.474554872989858e-09, 1.470545554792313e-10], [-0.006102186801279551, -0.0007317774871985562, -3.399731311829576e-05, -7.363324282453422e-05, 2.3268269572634673e-05, -6.659537734682295e-07, -1.8829012761249904e-07, 1.007355722080635, -0.012614377259268443, 0.002622367060429485, -0.0008552764058672896, -1.9174912542980538e-05, 3.328249923324692e-05, -2.928668595066512e-06], [0.0021374916671355305, -0.0005981875000716756, 8.867889652208401e-05, 1.4351456918550266e-05, -1.046700486044744e-06, -1.0993946318674489e-06, 1.5989271815597177e-07, -0.012614377259268443, 0.05025437178425415, -0.025450538135239568, 0.00489865554798082, 6.809094368382007e-05, -0.0001309136265864334, 1.1348898537964484e-05], [0.00029308821494590905, 0.00017167342927712706, 5.9843235665514665e-06, -2.685900388252365e-05, 2.566868712062285e-06, 6.917242114672383e-07, -1.155167577092017e-07, 0.002622367060429485, -0.025450538135239568, 0.01868727675569808, -0.004476507714510152, 4.4851271766101134e-05, 0.00011639328302683645, -1.1335405577895128e-05], [-9.168045982114994e-05, 2.8288686563193517e-06, -2.2490680962321653e-05, 1.0700948973041698e-05, -6.856737477061949e-07, -2.1137602798289922e-07, 2.9920456707712716e-08, -0.0008552764058672896, 0.00489865554798082, -0.004476507714510152, 0.0012708318939799541, -3.6724260527325614e-05, -3.3150608469472276e-05, 3.5753867797066378e-06], [-1.685562688508621e-05, 1.816748790719809e-06, -4.5041950207765336e-07, 1.09329812866547e-07, -2.0078216667584685e-08, -1.0157525109477274e-08, 1.7359404347083387e-09, -1.9174912542980538e-05, 6.809094368382007e-05, 4.4851271766101134e-05, -3.6724260527325614e-05, 4.069769875198794e-06, 9.413931773724327e-07, -1.4871919859176123e-07], [8.2886851324831e-06, -2.8115494411749904e-06, 1.7343101371681427e-06, -4.985544045199632e-07, 2.043063508181697e-08, 1.1830707077206024e-08, -1.474554872989858e-09, 3.328249923324692e-05, -0.0001309136265864334, 0.00011639328302683645, -3.3150608469472276e-05, 9.413931773724327e-07, 8.753593256695669e-07, -9.41037112536814e-08], [-8.045660996458075e-07, 3.3059883740137855e-07, -1.9902804121817823e-07, 5.5246216763585835e-08, -1.7924431524541686e-09, -1.2775823123870642e-09, 1.470545554792313e-10, -2.928668595066512e-06, 1.1348898537964484e-05, -1.1335405577895128e-05, 3.5753867797066378e-06, -1.4871919859176123e-07, -9.41037112536814e-08, 1.0879630599720794e-08]], [[0.9694562686740019, -0.01053648145838483, 9.155703701038359e-05, 6.205878667683876e-05, -9.657029301486686e-05, -8.228223346162203e-07, 5.884735525417649e-06, -6.288021810791904e-07, -0.004948331407194569, 0.0018718380425739552, 0.0006981341799654725, -0.00025720393978932146, 3.257050593395799e-05, -1.4777286524241664e-06, 2.8650326880001523e-07, -5.719488327473629e-08], [-0.01053648145838483, 0.04334410570158154, -0.019716660843481025, 0.0025291798802632034, 0.0003947115144491211, -5.703730253113821e-05, -1.658608677083067e-05, 2.349719604201845e-06, -0.0007816698846774156, -0.0006170771983186633, 0.00015279686438072123, 8.311939547220754e-05, -3.395097905583007e-05, -3.4983991268821725e-07, 1.279853451683988e-06, -1.2168692383507955e-07], [9.155703701038359e-05, -0.019716660843481025, 0.013523483019826458, -0.002448093710109052, -0.00019633552021445686, 5.21174942554869e-05, 1.0070680747777849e-05, -1.701980981415534e-06, -3.0627992725515145e-05, 0.00019014772736192383, -3.3679133797717386e-05, -6.57519787324334e-05, 2.4749245377677863e-05, -3.6150703656928487e-07, -8.237676697859448e-07, 8.524935381686576e-08], [6.205878667683876e-05, 0.0025291798802632034, -0.002448093710109052, 0.0006051290919354993, 1.3164614076804432e-05, -1.2624015626268386e-05, -1.4076302754956887e-06, 3.3150483330721e-07, -0.00010206328069876476, -1.6072290012327065e-05, -7.38388550156792e-06, 1.432185270062522e-05, -4.719846723426137e-06, 7.961188606323586e-08, 1.6007703654462216e-07, -1.7062108523848256e-08], [-9.657029301486686e-05, 0.0003947115144491211, -0.00019633552021445686, 1.3164614076804432e-05, 7.021155204368876e-06, -3.586247246590193e-07, -2.469360959253391e-07, 2.5504100219670785e-08, 3.801491351419319e-05, -5.250892210285013e-06, 2.929187057979309e-06, 7.887976093472422e-07, -4.3159202359312963e-07, 1.7045884190278932e-08, 9.820504895033743e-09, -9.442714840583824e-10], [-8.228223346162203e-07, -5.703730253113821e-05, 5.21174942554869e-05, -1.2624015626268386e-05, -3.586247246590193e-07, 2.6842744733770344e-07, 3.2847374004128336e-08, -7.313504102739217e-09, -3.034981575306043e-06, 1.5792225182855613e-07, -1.9397574326016512e-07, -2.5016606305544893e-07, 1.0981056414104215e-07, -2.801511786606452e-09, -3.55139510141428e-09, 3.7290650599810663e-10], [5.884735525417649e-06, -1.658608677083067e-05, 1.0070680747777849e-05, -1.4076302754956887e-06, -2.469360959253391e-07, 3.2847374004128336e-08, 1.0433381385029348e-08, -1.3977157582450058e-09, -3.3089767581940735e-07, 3.21086997562434e-07, -2.713269694252083e-08, -6.051397523180728e-08, 2.0341067739867422e-08, -6.396856484675878e-10, -5.111617640166825e-10, 5.231170720858198e-11], [-6.288021810791904e-07, 2.349719604201845e-06, -1.701980981415534e-06, 3.3150483330721e-07, 2.5504100219670785e-08, -7.313504102739217e-09, -1.3977157582450058e-09, 2.394205232948518e-10, 2.7501447824493996e-08, -3.399217082899552e-08, 1.2727429787229778e-09, 9.982345437283137e-09, -3.3727748112552758e-09, 8.203569298159628e-11, 9.746158414896598e-11, -1.0083200142765486e-11], [-0.004948331407194569, -0.0007816698846774156, -3.0627992725515145e-05, -0.00010206328069876476, 3.801491351419319e-05, -3.034981575306043e-06, -3.3089767581940735e-07, 2.7501447824493996e-08, 1.0064819312321658, -0.010157682407898761, 0.0005464339207220856, -4.338512597149353e-05, -0.00013625445647548153, 1.7593540410581487e-05, 4.085374860910778e-06, -5.854257737297958e-07], [0.0018718380425739552, -0.0006170771983186633, 0.00019014772736192383, -1.6072290012327065e-05, -5.250892210285013e-06, 1.5792225182855613e-07, 3.21086997562434e-07, -3.399217082899552e-08, -0.010157682407898761, 0.044188060929929246, -0.02011205091682738, 0.0026914613364634778, 0.0003632887664672023, -5.844331939634091e-05, -1.5088529149474353e-05, 2.208043679633188e-06], [0.0006981341799654725, 0.00015279686438072123, -3.3679133797717386e-05, -7.38388550156792e-06, 2.929187057979309e-06, -1.9397574326016512e-07, -2.713269694252083e-08, 1.2727429787229778e-09, 0.0005464339207220856, -0.02011205091682738, 0.013837055057744223, -0.0025646441438265098, -0.0001771176977625834, 5.222367133158877e-05, 9.499013453827013e-06, -1.6489303965604107e-06], [-0.00025720393978932146, 8.311939547220754e-05, -6.57519787324334e-05, 1.432185270062522e-05, 7.887976093472422e-07, -2.5016606305544893e-07, -6.051397523180728e-08, 9.982345437283137e-09, -4.338512597149353e-05, 0.0026914613364634778, -0.0025646441438265098, 0.0006315376700614498, 1.2437836592591478e-05, -1.2755629427002563e-05, -1.4559612941327605e-06, 3.397240525524295e-07], [3.257050593395799e-05, -3.395097905583007e-05, 2.4749245377677863e-05, -4.719846723426137e-06, -4.3159202359312963e-07, 1.0981056414104215e-07, 2.0341067739867422e-08, -3.3727748112552758e-09, -0.00013625445647548153, 0.0003632887664672023, -0.0001771176977625834, 1.2437836592591478e-05, 5.885319855306687e-06, -2.9961566456230576e-07, -1.99136412165497e-07, 1.9965099402401854e-08], [-1.4777286524241664e-06, -3.4983991268821725e-07, -3.6150703656928487e-07, 7.961188606323586e-08, 1.7045884190278932e-08, -2.801511786606452e-09, -6.396856484675878e-10, 8.203569298159628e-11, 1.7593540410581487e-05, -5.844331939634091e-05, 5.222367133158877e-05, -1.2755629427002563e-05, -2.9961566456230576e-07, 2.627773048326731e-07, 3.15575975378979e-08, -7.148820843342657e-09], [2.8650326880001523e-07, 1.279853451683988e-06, -8.237676697859448e-07, 1.6007703654462216e-07, 9.820504895033743e-09, -3.55139510141428e-09, -5.111617640166825e-10, 9.746158414896598e-11, 4.085374860910778e-06, -1.5088529149474353e-05, 9.499013453827013e-06, -1.4559612941327605e-06, -1.99136412165497e-07, 3.15575975378979e-08, 8.716924862284972e-09, -1.2202674881611899e-09], [-5.719488327473629e-08, -1.2168692383507955e-07, 8.524935381686576e-08, -1.7062108523848256e-08, -9.442714840583824e-10, 3.7290650599810663e-10, 5.231170720858198e-11, -1.0083200142765486e-11, -5.854257737297958e-07, 2.208043679633188e-06, -1.6489303965604107e-06, 3.397240525524295e-07, 1.9965099402401854e-08, -7.148820843342657e-09, -1.2202674881611899e-09, 2.2172348201722127e-10]]], "B_list": [{"B_d": [[5.208075921136229e-07], [5.5053131921759956e-08], [1.821442944007971e-08]], "B_theta": [1.9313605823237188e-08], "B_const": [0.0407737711929079]}, {"B_d": [[4.170831548927793e-08], [1.561720099565873e-08], [2.0722686307988007e-09]], "B_theta": [2.5712779388063277e-09], "B_const": [0.0037397561307741327]}, {"B_d": [[6.670600550658812e-09], [9.80862958450266e-10], [9.090129295591708e-10]], "B_theta": [8.935131466475787e-10], "B_const": [0.0008648017647443189]}, {"B_d": [[3.1722838811180326e-08], [2.0552334960721072e-09], [5.631093133500698e-10]], "B_theta": [5.003991923138014e-10], "B_const": [0.0003631703228160409]}, {"B_d": [[4.2051618274066876e-08], [2.2612843832040423e-09], [7.453303748231402e-10]], "B_theta": [4.1798753100543155e-10], "B_const": [0.00021997998697173053]}, {"B_d": [[3.9381000676984466e-08], [1.212241099551904e-09], [1.2037253261440314e-09]], "B_theta": [4.921898757111581e-10], "B_const": [0.00017213836553971851]}, {"B_d": [[3.1719321296346045e-08], [1.0619497493752772e-09], [1.3092625778326108e-09]], "B_theta": [5.120190751814099e-10], "B_const": [0.0001686847177861171]}, {"B_d": [[6.830979077055586e-09], [4.023986786877765e-09], [1.250841082640384e-09]], "B_theta": [4.910628454497036e-10], "B_const": [0.0001678465046571904]}], "bic_scores": [6.868092929051095, -93.25858593880362, -138.21754197881285, -146.3286425960752, -128.65441755174817, -91.40660162268622, -40.10278094002197, 20.552633005151563], "best_bic": -146.3286425960752, "best_bic_A": [[0.9786852438310909, -0.018354053981727302, 0.0009060816231170456, -5.9934744845607216e-05, -0.007021447877266983, 0.003087728660715495, -0.00019322495271780304, 1.9347358517607376e-05], [-0.018354053981727302, 0.03600090034966575, -0.00933241636411582, 0.0007628738913831373, -0.00099138876346245, -0.00034142829174238867, 0.00010400818336597408, -1.3548329615409597e-05], [0.0009060816231170456, -0.00933241636411582, 0.0032529196946332775, -0.0003074657276914833, -0.00010076557716659798, 6.124037174364566e-05, -3.62780134823235e-05, 5.1570910090683946e-06], [-5.9934744845607216e-05, 0.0007628738913831373, -0.0003074657276914833, 3.1515003380316e-05, 1.7876060316234506e-05, -3.9679021999718e-06, 2.242794840167729e-06, -3.3135237570669965e-07], [-0.007021447877266983, -0.00099138876346245, -0.00010076557716659798, 1.7876060316234506e-05, 1.014558625247956, -0.01674884666475812, 0.0006163263265643318, -2.3757116265870076e-05], [0.003087728660715495, -0.00034142829174238867, 6.124037174364566e-05, -3.9679021999718e-06, -0.01674884666475812, 0.03655509270514053, -0.009454609773516824, 0.0007651462105765404], [-0.00019322495271780304, 0.00010400818336597408, -3.62780134823235e-05, 2.242794840167729e-06, 0.0006163263265643318, -0.009454609773516824, 0.003320524719668293, -0.0003127696557426713], [1.9347358517607376e-05, -1.3548329615409597e-05, 5.1570910090683946e-06, -3.3135237570669965e-07, -2.3757116265870076e-05, 0.0007651462105765404, -0.0003127696557426713, 3.204050978226973e-05]], "best_bic_B": {"B_d": [[3.1722838811180326e-08], [2.0552334960721072e-09], [5.631093133500698e-10]], "B_theta": [5.003991923138014e-10], "B_const": [0.0003631703228160409]}, "best_bic_deg": 4, "best_bic_deg_idx": 3, "aic_scores": [-0.8592096018462083, -107.74727818423607, -163.3312752042291, -185.9310680669239, -186.60918653347792, -171.57736538074573, -146.35319073985988, -115.64107410191338], "best_aic": -186.60918653347792, "best_aic_A": [[0.9715788174318848, -0.01718250679879378, 0.0031714514354788726, -0.0007568788773695668, 5.4722354785965305e-05, -0.008814568288015683, 0.002538432322292922, 4.245059925596846e-05, -7.002829342496032e-05, 5.233821689873129e-06], [-0.01718250679879378, 0.053916811134492384, -0.025024549536190436, 0.004797207945489243, -0.0003280342143311984, 0.00019302675802210665, -0.0008974238077160437, 0.0005311014614676438, -0.00010459894208908844, 6.686321885140742e-06], [0.0031714514354788726, -0.025024549536190436, 0.015562691831930098, -0.0034191394517444286, 0.0002543531487999346, -0.0008520198653086071, 0.0003813635392912762, -0.00027770960697699157, 5.818919067291054e-05, -3.975968861468627e-06], [-0.0007568788773695668, 0.004797207945489243, -0.0034191394517444286, 0.0008155519230080018, -6.414549202976428e-05, 0.0001887497037748422, -8.074243356789069e-05, 6.130467772143317e-05, -1.32838520703621e-05, 9.655903610758982e-07], [5.4722354785965305e-05, -0.0003280342143311984, 0.0002543531487999346, -6.414549202976428e-05, 5.247713782158318e-06, -1.4028538597581489e-05, 5.836172747908227e-06, -4.591748888764753e-06, 1.011069331077848e-06, -7.487814421484477e-08], [-0.008814568288015683, 0.00019302675802210665, -0.0008520198653086071, 0.0001887497037748422, -1.4028538597581489e-05, 1.0088339337992898, -0.016326939527533415, 0.0031815477150193487, -0.0008089718852527727, 6.1448975093311e-05], [0.002538432322292922, -0.0008974238077160437, 0.0003813635392912762, -8.074243356789069e-05, 5.836172747908227e-06, -0.016326939527533415, 0.05533743694966878, -0.02571342258513882, 0.004953565854741526, -0.00033957289265945965], [4.245059925596846e-05, 0.0005311014614676438, -0.00027770960697699157, 6.130467772143317e-05, -4.591748888764753e-06, 0.0031815477150193487, -0.02571342258513882, 0.01602462554029209, -0.003528249126691099, 0.0002622363265003325], [-7.002829342496032e-05, -0.00010459894208908844, 5.818919067291054e-05, -1.32838520703621e-05, 1.011069331077848e-06, -0.0008089718852527727, 0.004953565854741526, -0.003528249126691099, 0.0008429942956180867, -6.620126274237489e-05], [5.233821689873129e-06, 6.686321885140742e-06, -3.975968861468627e-06, 9.655903610758982e-07, -7.487814421484477e-08, 6.1448975093311e-05, -0.00033957289265945965, 0.0002622363265003325, -6.620126274237489e-05, 5.402319926855234e-06]], "best_aic_B": {"B_d": [[4.2051618274066876e-08], [2.2612843832040423e-09], [7.453303748231402e-10]], "B_theta": [4.1798753100543155e-10], "B_const": [0.00021997998697173053]}, "best_aic_deg": 5, "best_aic_deg_idx": 4, "lr": [{"class_name": "PiecewiseConstantDecay", "config": {"boundaries": [4560], "values": [0.005, 0.005], "name": null}}, {"class_name": "PiecewiseConstantDecay", "config": {"boundaries": [4560], "values": [0.005, 0.005], "name": null}}, {"class_name": "PiecewiseConstantDecay", "config": {"boundaries": [4560], "values": [0.005, 0.005], "name": null}}, {"class_name": "PiecewiseConstantDecay", "config": {"boundaries": [4560], "values": [0.005, 0.005], "name": null}}, {"class_name": "PiecewiseConstantDecay", "config": {"boundaries": [4560], "values": [0.005, 0.005], "name": null}}, {"class_name": "PiecewiseConstantDecay", "config": {"boundaries": [4560], "values": [0.005, 0.005], "name": null}}, {"class_name": "PiecewiseConstantDecay", "config": {"boundaries": [4560], "values": [0.005, 0.005], "name": null}}, {"class_name": "PiecewiseConstantDecay", "config": {"boundaries": [4560], "values": [0.005, 0.005], "name": null}}], "optimizer": [{"class_name": "Adam", "config": {"name": "Adam", "learning_rate": 0.005, "decay": 0.0, "beta_1": 0.9, "beta_2": 0.999, "epsilon": 1e-07, "amsgrad": false}}, {"class_name": "Adam", "config": {"name": "Adam", "learning_rate": 0.005, "decay": 0.0, "beta_1": 0.9, "beta_2": 0.999, "epsilon": 1e-07, "amsgrad": false}}, {"class_name": "Adam", "config": {"name": "Adam", "learning_rate": 0.005, "decay": 0.0, "beta_1": 0.9, "beta_2": 0.999, "epsilon": 1e-07, "amsgrad": false}}, {"class_name": "Adam", "config": {"name": "Adam", "learning_rate": 0.005, "decay": 0.0, "beta_1": 0.9, "beta_2": 0.999, "epsilon": 1e-07, "amsgrad": false}}, {"class_name": "Adam", "config": {"name": "Adam", "learning_rate": 0.005, "decay": 0.0, "beta_1": 0.9, "beta_2": 0.999, "epsilon": 1e-07, "amsgrad": false}}, {"class_name": "Adam", "config": {"name": "Adam", "learning_rate": 0.005, "decay": 0.0, "beta_1": 0.9, "beta_2": 0.999, "epsilon": 1e-07, "amsgrad": false}}, {"class_name": "Adam", "config": {"name": "Adam", "learning_rate": 0.005, "decay": 0.0, "beta_1": 0.9, "beta_2": 0.999, "epsilon": 1e-07, "amsgrad": false}}, {"class_name": "Adam", "config": {"name": "Adam", "learning_rate": 0.005, "decay": 0.0, "beta_1": 0.9, "beta_2": 0.999, "epsilon": 1e-07, "amsgrad": false}}], "epochs": 100, "best_epochs": [99, 99, 99, 99, 99, 99, 99, 99], "batch_size": 1024}