{"degree": [1, 2, 3, 4, 5, 6, 7, 8], "losses": [-23.047215548577377, -67.65989749364067, -76.15940353490682, -78.65716703353384, -79.5574327925905, -79.82078254794489, -79.8269893205675, -79.88659582232201], "A_list": [[[10.33229460846636, -0.4928685469807487], [-0.4928685469807487, 11.889130895667066]], [[10.298938407786123, -0.02247171360594599, -0.5115327950918507, 0.051773848822136787], [-0.02247171360594599, 0.04911695806626745, -0.03332704778320143, 0.0033040802030360004], [-0.5115327950918507, -0.03332704778320143, 11.832943246402275, -0.0243280100901745], [0.051773848822136787, 0.0033040802030360004, -0.0243280100901745, 0.051700312222733795]], [[10.229924535944852, 0.011992644472090459, -0.01516637872490487, -0.5005040628564125, 0.04419395989573627, 0.004231917732503755], [0.011992644472090459, 0.11847451692724807, -0.023924147974213703, -0.04736691284537136, 0.0033563354090891764, 0.0018113035837240732], [-0.01516637872490487, -0.023924147974213703, 0.008354335636955711, 0.007071800036345544, -0.0010080332652737307, -8.140536395550074e-05], [-0.5005040628564125, -0.04736691284537136, 0.007071800036345544, 11.765171426027484, 0.013261682574859114, -0.014854488409185929], [0.04419395989573627, 0.0033563354090891764, -0.0010080332652737307, 0.013261682574859114, 0.12591391796091345, -0.02510572989293207], [0.004231917732503755, 0.0018113035837240732, -8.140536395550074e-05, -0.014854488409185929, -0.02510572989293207, 0.008902844420013602]], [[10.25515060536622, -0.03475622993107929, 0.029210624245740547, -0.01116456542296284, -0.49468605259987497, 0.02492370731862067, 0.01541193298137713, -0.0022733973824548533], [-0.03475622993107929, 0.2769051527598304, -0.1695624281779784, 0.036774385329944294, -0.05673192084545302, 0.0021789297735025437, 0.0023532667892465302, -0.0008049536255231013], [0.029210624245740547, -0.1695624281779784, 0.1437362302971664, -0.034242268837015456, 0.01075336561852416, -0.0038073678724357316, 0.00225673228561167, -8.197099501293128e-05], [-0.01116456542296284, 0.036774385329944294, -0.034242268837015456, 0.008657062817534752, -0.001979909357975997, 0.000864628498868048, -0.000644368758371036, 4.607182002396173e-05], [-0.49468605259987497, -0.05673192084545302, 0.01075336561852416, -0.001979909357975997, 11.79174036199869, -0.03396056663641991, 0.025222439340677777, -0.01036464989166096], [0.02492370731862067, 0.0021789297735025437, -0.0038073678724357316, 0.000864628498868048, -0.03396056663641991, 0.29842477784644483, -0.1797485286193129, 0.03831151032130603], [0.01541193298137713, 0.0023532667892465302, 0.00225673228561167, -0.000644368758371036, 0.025222439340677777, -0.1797485286193129, 0.14952790821986459, -0.0351381643140573], [-0.0022733973824548533, -0.0008049536255231013, -8.197099501293128e-05, 4.607182002396173e-05, -0.01036464989166096, 0.03831151032130603, -0.0351381643140573, 0.008800033185607908]], [[10.268494205981154, -0.03546444653712693, 0.0405638601468454, -0.01906975803883681, 0.0012595844081134697, -0.4994177732263883, 0.029675941015484743, 0.0013652874701373266, 0.004881896135592242, -0.001837761832262621], [-0.03546444653712693, 0.36905244772224116, -0.34598235090803403, 0.14899205243945182, -0.023360731759085172, -0.053532402635535624, -0.003378172132548441, 0.011946631357514295, -0.007630899169561166, 0.001646116707419522], [0.0405638601468454, -0.34598235090803403, 0.46252361158303484, -0.23520654808554062, 0.04169493394270812, 0.0036187067279746204, 0.004311190980337349, -0.011961916864884105, 0.00982811447990835, -0.00245019633069383], [-0.01906975803883681, 0.14899205243945182, -0.23520654808554062, 0.13508614075939057, -0.026199362733033808, 0.0030672374435819017, -0.0011598946241211424, 0.0038104861165092273, -0.003602596597988657, 0.0010013754507697927], [0.0012595844081134697, -0.023360731759085172, 0.04169493394270812, -0.026199362733033808, 0.005422104443644088, -0.0009413858367360231, 0.000205047609089855, -0.0006410726114840745, 0.0005995291793284882, -0.0001723648453056388], [-0.4994177732263883, -0.053532402635535624, 0.0036187067279746204, 0.0030672374435819017, -0.0009413858367360231, 11.794987160120394, -0.04166872531268446, 0.04071150941199881, -0.02081954688959592, 0.0017287781765204663], [0.029675941015484743, -0.003378172132548441, 0.004311190980337349, -0.0011598946241211424, 0.000205047609089855, -0.04166872531268446, 0.40157538469204196, -0.36848432237624806, 0.16000539338760664, -0.02516347531867414], [0.0013652874701373266, 0.011946631357514295, -0.011961916864884105, 0.0038104861165092273, -0.0006410726114840745, 0.04071150941199881, -0.36848432237624806, 0.4855852447902806, -0.24921476876036028, 0.044243477112385035], [0.004881896135592242, -0.007630899169561166, 0.00982811447990835, -0.003602596597988657, 0.0005995291793284882, -0.02081954688959592, 0.16000539338760664, -0.24921476876036028, 0.14412845408818528, -0.02789097471448485], [-0.001837761832262621, 0.001646116707419522, -0.00245019633069383, 0.0010013754507697927, -0.0001723648453056388, 0.0017287781765204663, -0.02516347531867414, 0.044243477112385035, -0.02789097471448485, 0.005734686009669351]], [[10.296691529841459, -0.056721034478239236, 0.05150752883744514, -0.0013551369154293027, -0.015587507975750469, 0.004032136415395161, -0.5090785794756436, 0.027556855308868342, 0.006624956684174767, 0.0008836870580880247, -0.0016542473030938152, -0.00025184146428455556], [-0.056721034478239236, 0.47680045175254115, -0.4124312121795104, 0.08217103231034056, 0.05243572744691646, -0.01874281540340248, -0.06526696420579352, 0.015179143227536608, -0.012067342989097514, 0.00442500168362161, -0.00020417455812692543, -0.00010001467511202894], [0.05150752883744514, -0.4124312121795104, 0.45061583533905086, -0.1069111082619067, -0.05677724106206755, 0.02201058955869715, 0.02024170895563497, -0.01702836954561041, 0.016341104219020384, -0.004233118755344854, -0.0008135577834643292, 0.0003199638633586617], [-0.0013551369154293027, 0.08217103231034056, -0.1069111082619067, 0.03217850014046628, 0.01278987267027529, -0.005821631524454282, -0.010425452851555427, 0.004344218692289191, -0.004578822945479572, 0.0011495244091038984, 0.000557773568528257, -0.0002197876261244018], [-0.015587507975750469, 0.05243572744691646, -0.05677724106206755, 0.01278987267027529, 0.007439006427117975, -0.0027622619557736254, 0.004229447143875432, 0.0028970842330600086, -0.0029665786303576724, 0.0005607417485520873, 0.00017400720932904317, -4.506342018660225e-05], [0.004032136415395161, -0.01874281540340248, 0.02201058955869715, -0.005821631524454282, -0.0027622619557736254, 0.001140287059487576, -0.0008171161886801661, -0.0010820731828318755, 0.0011203381930452118, -0.00021710330154858367, -9.78150569931568e-05, 3.1453552393403594e-05], [-0.5090785794756436, -0.06526696420579352, 0.02024170895563497, -0.010425452851555427, 0.004229447143875432, -0.0008171161886801661, 11.828601841478264, -0.0636271736143167, 0.04986418419064284, 0.003837143026687578, -0.01851836843547065, 0.004939959072998706], [0.027556855308868342, 0.015179143227536608, -0.01702836954561041, 0.004344218692289191, 0.0028970842330600086, -0.0010820731828318755, -0.0636271736143167, 0.5142281282768603, -0.4366511142398825, 0.08784695350284137, 0.055358656228297484, -0.019825106849736488], [0.006624956684174767, -0.012067342989097514, 0.016341104219020384, -0.004578822945479572, -0.0029665786303576724, 0.0011203381930452118, 0.04986418419064284, -0.4366511142398825, 0.4693100291665446, -0.11067426314321238, -0.06030673325388888, 0.023193059328339864], [0.0008836870580880247, 0.00442500168362161, -0.004233118755344854, 0.0011495244091038984, 0.0005607417485520873, -0.00021710330154858367, 0.003837143026687578, 0.08784695350284137, -0.11067426314321238, 0.032183852310214596, 0.01395055706202375, -0.006115780523360135], [-0.0016542473030938152, -0.00020417455812692543, -0.0008135577834643292, 0.000557773568528257, 0.00017400720932904317, -9.78150569931568e-05, -0.01851836843547065, 0.055358656228297484, -0.06030673325388888, 0.01395055706202375, 0.007994953357247005, -0.003006159665553075], [-0.00025184146428455556, -0.00010001467511202894, 0.0003199638633586617, -0.0002197876261244018, -4.506342018660225e-05, 3.1453552393403594e-05, 0.004939959072998706, -0.019825106849736488, 0.023193059328339864, -0.006115780523360135, -0.003006159665553075, 0.001229498630227187]], [[10.31226239460729, -0.02918940006370612, 0.011198178202467837, 0.022921633355993135, -0.016872385528964872, 0.0007096291999778347, 0.0009485385462267896, -0.5254399923747778, 0.046095609004372415, -0.03143832557321103, 0.036563398748611024, -0.01634826640644836, 0.001972430824677518, -3.886758407107114e-05], [-0.02918940006370612, 0.3559473056908403, -0.24595198314084005, 0.013057110707362436, 0.02917494825291747, 0.006649411233837651, -0.0052455144337197595, -0.0621833605952886, 0.0017880751116739013, 0.006204630837420614, -0.003596195563318538, -0.00042990501894244956, 0.0009781471688165727, -0.00020794395151066685], [0.011198178202467837, -0.24595198314084005, 0.24166742261341026, -0.0337459206118596, -0.027928470946214812, -0.002959425443895704, 0.004493607056931647, 0.01476392565189671, -0.003721772234343782, -0.0001775292821295609, 0.0020893315461691826, 8.283516876304328e-05, -0.0006611418810043438, 0.00016901990171780008], [0.022921633355993135, 0.013057110707362436, -0.0337459206118596, 0.015417541877070697, 0.003026661290999832, -0.0015786824119919335, -0.0002275648653863454, -0.004663501246118841, 0.0006061676870763003, -0.0013998058022029478, 0.0008752333307455837, -0.00014619314738709282, -6.142014974866924e-05, -1.9889500416150652e-06], [-0.016872385528964872, 0.02917494825291747, -0.027928470946214812, 0.003026661290999832, 0.003436745352466536, 0.0004991883007782696, -0.0005647422973651767, -0.00028029655460781136, 0.002369396909085983, -0.0016389294690241471, -7.901096196999236e-05, 0.00020748262894609664, 0.00010406441866261444, -5.3177547563364424e-05], [0.0007096291999778347, 0.006649411233837651, -0.002959425443895704, -0.0015786824119919335, 0.0004991883007782696, 0.00047035753510046017, -0.000149001548258854, 0.0008650364362226753, -0.0013080559866629528, 0.0013690351567112685, -0.0005175120826564682, -9.444216978646244e-05, 4.587723310552533e-05, 1.1795069418785346e-05], [0.0009485385462267896, -0.0052455144337197595, 0.004493607056931647, -0.0002275648653863454, -0.0005647422973651767, -0.000149001548258854, 0.00010620879335876289, -0.0003885198237104318, 0.00018226558578691166, -0.00024760066260894395, 0.00014911052196486468, 1.553744394207102e-05, -2.247652028484164e-05, 1.128650370928391e-06], [-0.5254399923747778, -0.0621833605952886, 0.01476392565189671, -0.004663501246118841, -0.00028029655460781136, 0.0008650364362226753, -0.0003885198237104318, 11.81297006508526, -0.04129831494299797, 0.009850894012874756, 0.022431311034481954, -0.013681604191383855, -0.0021050951313397953, 0.00163936962871899], [0.046095609004372415, 0.0017880751116739013, -0.003721772234343782, 0.0006061676870763003, 0.002369396909085983, -0.0013080559866629528, 0.00018226558578691166, -0.04129831494299797, 0.39168565735273064, -0.26672577921530455, 0.016723559736600734, 0.030362267344522582, 0.007059378540664588, -0.005588325258437279], [-0.03143832557321103, 0.006204630837420614, -0.0001775292821295609, -0.0013998058022029478, -0.0016389294690241471, 0.0013690351567112685, -0.00024760066260894395, 0.009850894012874756, -0.26672577921530455, 0.2553456712324012, -0.03541873910986255, -0.02914666570255203, -0.0034876431633752178, 0.004851566945394516], [0.036563398748611024, -0.003596195563318538, 0.0020893315461691826, 0.0008752333307455837, -7.901096196999236e-05, -0.0005175120826564682, 0.00014911052196486468, 0.022431311034481954, 0.016723559736600734, -0.03541873910986255, 0.014820217288048618, 0.0032397381781542884, -0.0012981103537921914, -0.0003356227642859046], [-0.01634826640644836, -0.00042990501894244956, 8.283516876304328e-05, -0.00014619314738709282, 0.00020748262894609664, -9.444216978646244e-05, 1.553744394207102e-05, -0.013681604191383855, 0.030362267344522582, -0.02914666570255203, 0.0032397381781542884, 0.003602693635175733, 0.000547966802364698, -0.0006037421232447396], [0.001972430824677518, 0.0009781471688165727, -0.0006611418810043438, -6.142014974866924e-05, 0.00010406441866261444, 4.587723310552533e-05, -2.247652028484164e-05, -0.0021050951313397953, 0.007059378540664588, -0.0034876431633752178, -0.0012981103537921914, 0.000547966802364698, 0.0004042832019868657, -0.00013898382028620568], [-3.886758407107114e-05, -0.00020794395151066685, 0.00016901990171780008, -1.9889500416150652e-06, -5.3177547563364424e-05, 1.1795069418785346e-05, 1.128650370928391e-06, 0.00163936962871899, -0.005588325258437279, 0.004851566945394516, -0.0003356227642859046, -0.0006037421232447396, -0.00013898382028620568, 0.00010992645563143215]], [[10.302466510986028, -0.020617145077875456, 0.00032792883993700066, 0.015802725171973512, -0.0024389936877767023, -0.00458280940432467, 6.483976112375791e-05, 0.0005905044281472995, -0.530887651617602, 0.023180300764488244, 0.004857378213420584, 0.005434148243707251, 0.0005769029941500788, -0.0019792175442202883, -0.00010485044350937269, 0.00013906312180649754], [-0.020617145077875456, 0.33449452958912895, -0.2333318754114708, 0.022500006451975, 0.022150378050044033, 0.003937707333171688, -0.002183447265983003, -0.0006439668021760425, -0.04809316589576332, -0.007688041877611273, 0.019521968365576042, -0.010382312954211943, -0.0007471751979234892, 0.001288890275726878, 0.00031859730169065276, -0.00016234508157803062], [0.00032792883993700066, -0.2333318754114708, 0.24779368091888967, -0.05178632718532265, -0.02363997735446195, -0.0002506835730397751, 0.0036742534146908413, -3.571647011212394e-05, -0.0100714939190807, 0.00552564378088215, -0.015821791145904755, 0.010700423847518462, 0.0009128565151345114, -0.0013318740664576107, -0.0006535558693438854, 0.00027842907121491934], [0.015802725171973512, 0.022500006451975, -0.05178632718532265, 0.024195691578543066, 0.004679150339814734, -0.0020242258952911617, -0.0015093729416524111, 0.0004125756283178797, 0.012786013096944243, -0.001382177265922635, 0.0036220208037587654, -0.002480535178431127, -0.0006229708023394796, 0.00046240537339193845, 0.00020706290789962068, -9.543732186632946e-05], [-0.0024389936877767023, 0.022150378050044033, -0.02363997735446195, 0.004679150339814734, 0.0024552900440771696, 5.8063025131033765e-05, -0.0003490459419013595, -7.309788702916056e-06, 3.8717063571161175e-05, -0.0007521740401273685, 0.0018068353617931737, -0.0009634839801068796, -7.588074878438198e-05, 0.00012975158155634559, 4.804632730104663e-05, -2.2835138029108716e-05], [-0.00458280940432467, 0.003937707333171688, -0.0002506835730397751, -0.0020242258952911617, 5.8063025131033765e-05, 0.0003690344392864987, 0.0001047146153103901, -6.596099796167032e-05, -0.0053719254289705835, 0.0002213621963746484, -0.00046082024100611466, 0.00014996957312592125, 9.015357809865037e-05, -4.217739360508171e-05, -2.0888188930140017e-05, 9.36832585989791e-06], [6.483976112375791e-05, -0.002183447265983003, 0.0036742534146908413, -0.0015093729416524111, -0.0003490459419013595, 0.0001047146153103901, 0.00010161083982627689, -2.3686030644555395e-05, 0.002659583736080129, -4.903069550218048e-05, -0.00011014203488586647, 8.85027955376633e-05, 1.8114273795738143e-05, -2.5486456348626086e-05, -4.0212230051823705e-06, 3.94083816317871e-06], [0.0005905044281472995, -0.0006439668021760425, -3.571647011212394e-05, 0.0004125756283178797, -7.309788702916056e-06, -6.596099796167032e-05, -2.3686030644555395e-05, 1.3037089478018015e-05, -0.00048445063070336696, -1.1984482234649332e-06, 4.043647739356022e-05, -8.000228497775686e-06, -1.287861203787233e-05, 6.162049530702177e-06, 1.3999637953788046e-06, -1.0620261814425486e-06], [-0.530887651617602, -0.04809316589576332, -0.0100714939190807, 0.012786013096944243, 3.8717063571161175e-05, -0.0053719254289705835, 0.002659583736080129, -0.00048445063070336696, 11.874867295063368, -0.03004190798926555, -9.403801791613683e-05, 0.017818532623091052, -0.006306813576629438, -0.001041140580454022, -0.001242132631479178, 0.0006794229308323295], [0.023180300764488244, -0.007688041877611273, 0.00552564378088215, -0.001382177265922635, -0.0007521740401273685, 0.0002213621963746484, -4.903069550218048e-05, -1.1984482234649332e-06, -0.03004190798926555, 0.34669683717049066, -0.22626809752890628, 0.015472619037439914, 0.021222614601762654, 0.0044544129291793685, -0.0010824199737159946, -0.0010520887292629131], [0.004857378213420584, 0.019521968365576042, -0.015821791145904755, 0.0036220208037587654, 0.0018068353617931737, -0.00046082024100611466, -0.00011014203488586647, 4.043647739356022e-05, -9.403801791613683e-05, -0.22626809752890628, 0.232009595095358, -0.04343202088784971, -0.0218859868589884, -0.0010574183296468748, 0.002667240467313298, 0.0003308455197086962], [0.005434148243707251, -0.010382312954211943, 0.010700423847518462, -0.002480535178431127, -0.0009634839801068796, 0.00014996957312592125, 8.85027955376633e-05, -8.000228497775686e-06, 0.017818532623091052, 0.015472619037439914, -0.04343202088784971, 0.01935260600011238, 0.004529779089373759, -0.001635912014325421, -0.0012991957124811485, 0.0003276073322906362], [0.0005769029941500788, -0.0007471751979234892, 0.0009128565151345114, -0.0006229708023394796, -7.588074878438198e-05, 9.015357809865037e-05, 1.8114273795738143e-05, -1.287861203787233e-05, -0.006306813576629438, 0.021222614601762654, -0.0218859868589884, 0.004529779089373759, 0.002151379294213801, 2.0460967294142622e-05, -0.0002942804487159558, -1.42911086747105e-05], [-0.0019792175442202883, 0.001288890275726878, -0.0013318740664576107, 0.00046240537339193845, 0.00012975158155634559, -4.217739360508171e-05, -2.5486456348626086e-05, 6.162049530702177e-06, -0.001041140580454022, 0.0044544129291793685, -0.0010574183296468748, -0.001635912014325421, 2.0460967294142622e-05, 0.00039859261167963166, 0.00011568173231348853, -7.673746001004244e-05], [-0.00010485044350937269, 0.00031859730169065276, -0.0006535558693438854, 0.00020706290789962068, 4.804632730104663e-05, -2.0888188930140017e-05, -4.0212230051823705e-06, 1.3999637953788046e-06, -0.001242132631479178, -0.0010824199737159946, 0.002667240467313298, -0.0012991957124811485, -0.0002942804487159558, 0.00011568173231348853, 9.479543324954543e-05, -2.5336493612364405e-05], [0.00013906312180649754, -0.00016234508157803062, 0.00027842907121491934, -9.543732186632946e-05, -2.2835138029108716e-05, 9.36832585989791e-06, 3.94083816317871e-06, -1.0620261814425486e-06, 0.0006794229308323295, -0.0010520887292629131, 0.0003308455197086962, 0.0003276073322906362, -1.42911086747105e-05, -7.673746001004244e-05, -2.5336493612364405e-05, 1.5987957603268194e-05]]], "B_list": [{"B_d": [[0.0012062003968648387], [7.919552996919655e-08], [1.679931353254586e-07]], "B_theta": [1.4743648313175293e-07], "B_const": [0.011525323093729204]}, {"B_d": [[6.122914289178125e-05], [5.854641061220519e-07], [3.832370055639521e-07]], "B_theta": [7.981598977085228e-08], "B_const": [0.0008156065573520339]}, {"B_d": [[3.0684150232292196e-05], [6.621266377967244e-07], [4.1717503280295506e-07]], "B_theta": [1.0714230792009028e-07], "B_const": [0.00037392401076046325]}, {"B_d": [[2.2965845450395624e-05], [3.691313119068569e-07], [4.128471251355966e-07]], "B_theta": [1.1110992103261157e-07], "B_const": [0.00027198210435882745]}, {"B_d": [[1.7585821110696287e-05], [3.843296470149722e-07], [4.150161918691522e-07]], "B_theta": [1.1508453018621349e-07], "B_const": [0.00023147766117345223]}, {"B_d": [[4.898424010102344e-06], [1.4895094459320835e-06], [3.810957093240452e-07]], "B_theta": [1.1225797692195552e-07], "B_const": [0.000225243437082825]}, {"B_d": [[1.5891776746182257e-05], [2.427618156965634e-07], [4.096599309888167e-07]], "B_theta": [1.1313903373407396e-07], "B_const": [0.0002244463737601132]}, {"B_d": [[1.3465655018100488e-05], [5.27724471069398e-07], [4.0512731753790895e-07]], "B_theta": [1.1386365693841285e-07], "B_const": [0.00022229758984322688]}], "bic_scores": [-10.869125797683685, -44.825979210715, -36.580611844502315, -16.244457060203665, 11.778240339112187, 46.526898617577174, 87.62174475422076, 134.75223603717933], "best_bic": -44.825979210715, "best_bic_A": [[10.298938407786123, -0.02247171360594599, -0.5115327950918507, 0.051773848822136787], [-0.02247171360594599, 0.04911695806626745, -0.03332704778320143, 0.0033040802030360004], [-0.5115327950918507, -0.03332704778320143, 11.832943246402275, -0.0243280100901745], [0.051773848822136787, 0.0033040802030360004, -0.0243280100901745, 0.051700312222733795]], "best_bic_B": {"B_d": [[6.122914289178125e-05], [5.854641061220519e-07], [3.832370055639521e-07]], "B_theta": [7.981598977085228e-08], "B_const": [0.0008156065573520339]}, "best_bic_deg": 2, "best_bic_deg_idx": 1, "aic_scores": [-15.047215548577377, -52.65989749364067, -50.159403534906815, -37.65716703353384, -19.557432792590504, 3.179217452055113, 30.173010679432494, 61.11340417767799], "best_aic": -52.65989749364067, "best_aic_A": [[10.298938407786123, -0.02247171360594599, -0.5115327950918507, 0.051773848822136787], [-0.02247171360594599, 0.04911695806626745, -0.03332704778320143, 0.0033040802030360004], [-0.5115327950918507, -0.03332704778320143, 11.832943246402275, -0.0243280100901745], [0.051773848822136787, 0.0033040802030360004, -0.0243280100901745, 0.051700312222733795]], "best_aic_B": {"B_d": [[6.122914289178125e-05], [5.854641061220519e-07], [3.832370055639521e-07]], "B_theta": [7.981598977085228e-08], "B_const": [0.0008156065573520339]}, "best_aic_deg": 2, "best_aic_deg_idx": 1, "lr": [{"class_name": "PiecewiseConstantDecay", "config": {"boundaries": [6120], "values": [0.005, 0.005], "name": null}}, {"class_name": "PiecewiseConstantDecay", "config": {"boundaries": [6120], "values": [0.005, 0.005], "name": null}}, {"class_name": "PiecewiseConstantDecay", "config": {"boundaries": [6120], "values": [0.005, 0.005], "name": null}}, {"class_name": "PiecewiseConstantDecay", "config": {"boundaries": [6120], "values": [0.005, 0.005], "name": null}}, {"class_name": "PiecewiseConstantDecay", "config": {"boundaries": [6120], "values": [0.005, 0.005], "name": null}}, {"class_name": "PiecewiseConstantDecay", "config": {"boundaries": [6120], "values": [0.005, 0.005], "name": null}}, {"class_name": "PiecewiseConstantDecay", "config": {"boundaries": [6120], "values": [0.005, 0.005], "name": null}}, {"class_name": "PiecewiseConstantDecay", "config": {"boundaries": [6120], "values": [0.005, 0.005], "name": null}}], "optimizer": [{"class_name": "Adam", "config": {"name": "Adam", "learning_rate": 0.005, "decay": 0.0, "beta_1": 0.9, "beta_2": 0.999, "epsilon": 1e-07, "amsgrad": false}}, {"class_name": "Adam", "config": {"name": "Adam", "learning_rate": 0.005, "decay": 0.0, "beta_1": 0.9, "beta_2": 0.999, "epsilon": 1e-07, "amsgrad": false}}, {"class_name": "Adam", "config": {"name": "Adam", "learning_rate": 0.005, "decay": 0.0, "beta_1": 0.9, "beta_2": 0.999, "epsilon": 1e-07, "amsgrad": false}}, {"class_name": "Adam", "config": {"name": "Adam", "learning_rate": 0.005, "decay": 0.0, "beta_1": 0.9, "beta_2": 0.999, "epsilon": 1e-07, "amsgrad": false}}, {"class_name": "Adam", "config": {"name": "Adam", "learning_rate": 0.005, "decay": 0.0, "beta_1": 0.9, "beta_2": 0.999, "epsilon": 1e-07, "amsgrad": false}}, {"class_name": "Adam", "config": {"name": "Adam", "learning_rate": 0.005, "decay": 0.0, "beta_1": 0.9, "beta_2": 0.999, "epsilon": 1e-07, "amsgrad": false}}, {"class_name": "Adam", "config": {"name": "Adam", "learning_rate": 0.005, "decay": 0.0, "beta_1": 0.9, "beta_2": 0.999, "epsilon": 1e-07, "amsgrad": false}}, {"class_name": "Adam", "config": {"name": "Adam", "learning_rate": 0.005, "decay": 0.0, "beta_1": 0.9, "beta_2": 0.999, "epsilon": 1e-07, "amsgrad": false}}], "epochs": 50, "best_epochs": [49, 49, 39, 37, 49, 49, 49, 49], "batch_size": 256}