{"degree": [1, 2, 3, 4, 5, 6, 7, 8], "losses": [90.74568042471505, -58.3541816424496, -148.76642553272399, -206.32882536184272, -237.97846833363062, -252.4634139613235, -253.44092281201574, -256.6013846563385], "A_list": [[[38.75093909014053, -1.0498332027552153], [-1.0498332027552153, 37.08297438962075]], [[40.806925802181155, -0.3151836660943539, -1.504803311657567, 0.0464357255734831], [-0.3151836660943539, 0.11402279750976217, -0.06178706547076608, 7.450050151765884e-05], [-1.504803311657567, -0.06178706547076608, 39.12393445381146, -0.40691648921200174], [0.0464357255734831, 7.450050151765884e-05, -0.40691648921200174, 0.1279092510319596]], [[40.341906492195314, -0.1796470350680672, -0.02520011773850229, -1.4344991559448745, 0.05736415985274918, -0.003759496666699243], [-0.1796470350680672, 0.1935102938631705, -0.01422335073815606, -0.06902697193295221, 0.00032142172509001647, 0.0012444202216903486], [-0.02520011773850229, -0.01422335073815606, 0.002535227395252801, 0.003815284817900446, -0.0012641646050373233, -1.4540399805233519e-05], [-1.4344991559448745, -0.06902697193295221, 0.003815284817900446, 38.609148274036, -0.26447923170464555, -0.026732288039321025], [0.05736415985274918, 0.00032142172509001647, -0.0012641646050373233, -0.26447923170464555, 0.21477840117264752, -0.015491327325818439], [-0.003759496666699243, 0.0012444202216903486, -1.4540399805233519e-05, -0.026732288039321025, -0.015491327325818439, 0.0027334880423607105]], [[39.89400935209833, -0.09169466206287533, -0.05247136935116599, 0.0037731339271254464, -1.538836164120633, 0.051298757788003614, -0.0028468969065499937, 5.109217829861051e-06], [-0.09169466206287533, 0.19723999352814436, -0.02907250178403078, 0.0018934063423925315, -0.06584355037947273, -0.0005978828463252984, 0.003588900590038228, -0.0004522529181608096], [-0.05247136935116599, -0.02907250178403078, 0.014726117454134057, -0.0015742453676260604, 0.002328714953129515, -0.002822318831955473, -0.00018067708732612896, 9.323279900311267e-05], [0.0037731339271254464, 0.0018934063423925315, -0.0015742453676260604, 0.00020303788886381162, 3.958562495851063e-05, 0.00036558571187714033, -5.394567616693173e-05, -2.6495229599189746e-06], [-1.538836164120633, -0.06584355037947273, 0.002328714953129515, 3.958562495851063e-05, 38.23620602389232, -0.1635254110987619, -0.0605868885087448, 0.0047278757717165755], [0.051298757788003614, -0.0005978828463252984, -0.002822318831955473, 0.00036558571187714033, -0.1635254110987619, 0.21869703351445208, -0.031388023953476146, 0.001994990248558558], [-0.0028468969065499937, 0.003588900590038228, -0.00018067708732612896, -5.394567616693173e-05, -0.0605868885087448, -0.031388023953476146, 0.015824300925594295, -0.001686594883105439], [5.109217829861051e-06, -0.0004522529181608096, 9.323279900311267e-05, -2.6495229599189746e-06, 0.0047278757717165755, 0.001994990248558558, -0.001686594883105439, 0.00021822062090431495]], [[40.53814014859872, -0.07819720398818802, -0.05788808262477064, 0.003991310383617001, -1.5039891201905382e-05, -1.5376095980689979, 0.04667874249136257, 0.00193281722166173, -0.001073945681670977, 7.752405227849026e-05], [-0.07819720398818802, 0.18530405056484292, -0.040273331920041865, 0.006972792162032861, -0.0005067755021524737, -0.06376871800454842, -0.00044109689628795063, 0.004170039085831826, -0.0010586828460530454, 9.0935369174715e-05], [-0.05788808262477064, -0.040273331920041865, 0.03822861393007293, -0.00985598366422432, 0.0008427846451063823, -0.0005699906939838228, -0.002786126380031435, -0.0004951305923550283, 0.0004771332667425371, -6.163626682267072e-05], [0.003991310383617001, 0.006972792162032861, -0.00985598366422432, 0.003051198660894245, -0.0002903313387220355, 0.0007039429532226901, 0.0007099966870864127, -0.00019135863106623646, -4.6467598643519204e-05, 1.1113538912798695e-05], [-1.5039891201905382e-05, -0.0005067755021524737, 0.0008427846451063823, -0.0002903313387220355, 2.9580139443320722e-05, -6.403299849580009e-05, -6.336990533020683e-05, 3.580758105006816e-05, -1.8430999460398129e-06, -5.026221517982902e-07], [-1.5376095980689979, -0.06376871800454842, -0.0005699906939838228, 0.0007039429532226901, -6.403299849580009e-05, 38.522152095004465, -0.1407565040472433, -0.06877637616493207, 0.005779994037199262, -0.00011540664511931917], [0.04667874249136257, -0.00044109689628795063, -0.002786126380031435, 0.0007099966870864127, -6.336990533020683e-05, -0.1407565040472433, 0.2049885649008366, -0.04321421949298761, 0.007424542227453802, -0.0005447679954625944], [0.00193281722166173, 0.004170039085831826, -0.0004951305923550283, -0.00019135863106623646, 3.580758105006816e-05, -0.06877637616493207, -0.04321421949298761, 0.04099621008665863, -0.01056886096710163, 0.0009074431271699337], [-0.001073945681670977, -0.0010586828460530454, 0.0004771332667425371, -4.6467598643519204e-05, -1.8430999460398129e-06, 0.005779994037199262, 0.007424542227453802, -0.01056886096710163, 0.003276456106519838, -0.00031293552267461417], [7.752405227849026e-05, 9.0935369174715e-05, -6.163626682267072e-05, 1.1113538912798695e-05, -5.026221517982902e-07, -0.00011540664511931917, -0.0005447679954625944, 0.0009074431271699337, -0.00031293552267461417, 3.1987449635139015e-05]], [[40.50377009076566, -0.0759964132324677, -0.05443920166500193, 0.0004621615534934726, 0.0009379815218934165, -8.105930350174211e-05, -1.5395267531752364, 0.04634789300107729, 0.0003993091868058629, -0.00017064413596803302, -0.0001566293068249406, 2.7111776943592082e-05], [-0.0759964132324677, 0.17340579378116824, -0.040000332284271946, 0.011028505046782185, -0.0018122140364100424, 0.00011508419695419334, -0.061577775102288394, -0.001295271240788876, 0.004265892982457469, -0.0012495493816250954, 0.00019829014446750269, -1.3300893473493394e-05], [-0.05443920166500193, -0.040000332284271946, 0.04829155319386273, -0.018929503754887025, 0.0033458288884132318, -0.00022335132508421624, -0.0030769381967415787, -0.0009159098001142641, -0.0021562521510448004, 0.0014494936565729133, -0.0003367194317028053, 2.7415616077980194e-05], [0.0004621615534934726, 0.011028505046782185, -0.018929503754887025, 0.009516078572914206, -0.0019873222485943106, 0.00015081137079357536, 0.0015855678054860472, -0.0002132233656249521, 0.0006818010024205693, -0.0005603554955842976, 0.00015203745711244462, -1.3734481968663336e-05], [0.0009379815218934165, -0.0018122140364100424, 0.0033458288884132318, -0.0019873222485943106, 0.00046832720058610436, -3.885291629964957e-05, -0.00022272419243029988, 9.206694816431716e-05, -0.00012055397186685518, 9.675596411004431e-05, -2.824196154242667e-05, 2.729190021028053e-06], [-8.105930350174211e-05, 0.00011508419695419334, -0.00022335132508421624, 0.00015081137079357536, -3.885291629964957e-05, 3.432212235449074e-06, 1.5337037488201544e-05, -8.116336207555167e-06, 8.228670300704858e-06, -6.115022546425153e-06, 1.8652832375027732e-06, -1.9047641319925127e-07], [-1.5395267531752364, -0.061577775102288394, -0.0030769381967415787, 0.0015855678054860472, -0.00022272419243029988, 1.5337037488201544e-05, 38.51439549110262, -0.14412104796348546, -0.06174783779369855, 0.0006205231159116392, 0.0011935585724289662, -0.00011823841133574607], [0.04634789300107729, -0.001295271240788876, -0.0009159098001142641, -0.0002132233656249521, 9.206694816431716e-05, -8.116336207555167e-06, -0.14412104796348546, 0.19180793497746357, -0.04233600823649432, 0.011394547263526178, -0.0018500977538983302, 0.00011552232697965988], [0.0003993091868058629, 0.004265892982457469, -0.0021562521510448004, 0.0006818010024205693, -0.00012055397186685518, 8.228670300704858e-06, -0.06174783779369855, -0.04233600823649432, 0.05078328966205767, -0.019613758776204047, 0.0034173737811068316, -0.00022519884162269414], [-0.00017064413596803302, -0.0012495493816250954, 0.0014494936565729133, -0.0005603554955842976, 9.675596411004431e-05, -6.115022546425153e-06, 0.0006205231159116392, 0.011394547263526178, -0.019613758776204047, 0.00979044395411272, -0.0020340590517929458, 0.00015401229967771586], [-0.0001566293068249406, 0.00019829014446750269, -0.0003367194317028053, 0.00015203745711244462, -2.824196154242667e-05, 1.8652832375027732e-06, 0.0011935585724289662, -0.0018500977538983302, 0.0034173737811068316, -0.0020340590517929458, 0.00048033821502321903, -3.998688978970593e-05], [2.7111776943592082e-05, -1.3300893473493394e-05, 2.7415616077980194e-05, -1.3734481968663336e-05, 2.729190021028053e-06, -1.9047641319925127e-07, -0.00011823841133574607, 0.00011552232697965988, -0.00022519884162269414, 0.00015401229967771586, -3.998688978970593e-05, 3.5576686327844334e-06]], [[40.5273508876105, -0.07635522412086812, -0.05202944132313435, 0.0002725815984418048, 0.0008758315439995989, -5.4729688395352275e-05, -1.768044589649385e-06, -1.5419647098280587, 0.05159203364178375, -0.005645155922987699, 0.0022490084978383645, -0.0008251510726924828, 0.0001367526682401896, -9.435911869037754e-06], [-0.07635522412086812, 0.16259585248972794, -0.027699559201416417, 0.003880697852609579, 0.0006689927452262183, -0.00036317245338564444, 3.7905009914864106e-05, -0.06291512794592971, -0.003552041139939543, 0.005983365783006668, -0.0017600142486535444, 0.000308753665926728, -3.846962654535372e-05, 2.755917526759012e-06], [-0.05202944132313435, -0.027699559201416417, 0.03345317259286066, -0.009604383470520296, -8.374623810668826e-05, 0.0004484030425384202, -5.284777914476763e-05, -0.000837100329541526, 0.0009337480579766329, -0.002992398436802055, 0.0014819192302788229, -0.00031222521368471544, 3.1726317494288666e-05, -1.4231411678410753e-06], [0.0002725815984418048, 0.003880697852609579, -0.009604383470520296, 0.003997709751397235, -0.00023755325609980732, -0.00014260783332323794, 2.0444334520629397e-05, 0.00043853871534906236, -0.0009189300804509793, 0.0008709870715919264, -0.0003774849154596285, 6.0721410478785514e-05, -1.267824608237697e-06, -2.9697063262691715e-07], [0.0008758315439995989, 0.0006689927452262183, -8.374623810668826e-05, -0.00023755325609980732, 7.85287111634559e-05, -3.5090216361485314e-06, -7.260594122945388e-07, 0.000262155567564683, 0.00029549416588706265, -0.00017312026451807397, 7.771895538436885e-06, 2.0577345167817027e-05, -5.767491603774612e-06, 4.55877278905059e-07], [-5.4729688395352275e-05, -0.00036317245338564444, 0.0004484030425384202, -0.00014260783332323794, -3.5090216361485314e-06, 7.74739788150401e-06, -8.813065835414273e-07, -9.551998089134474e-05, -5.2366695014823044e-05, 2.8691827220147172e-05, 8.295694139560112e-06, -8.335946587555056e-06, 1.8260921140448713e-06, -1.2715612442664965e-07], [-1.768044589649385e-06, 3.7905009914864106e-05, -5.284777914476763e-05, 2.0444334520629397e-05, -7.260594122945388e-07, -8.813065835414273e-07, 1.1735317023903474e-07, 9.611606744868932e-06, 4.129431511079736e-06, -2.601811415869173e-06, -7.325212915634582e-07, 7.637043629164345e-07, -1.652638241291219e-07, 1.1171696611040818e-08], [-1.5419647098280587, -0.06291512794592971, -0.000837100329541526, 0.00043853871534906236, 0.000262155567564683, -9.551998089134474e-05, 9.611606744868932e-06, 38.520018322679086, -0.14546541382690625, -0.06189703905780258, 0.0011710974947202763, 0.0007362938945835781, 1.1864864429156477e-05, -1.224069451554382e-05], [0.05159203364178375, -0.003552041139939543, 0.0009337480579766329, -0.0009189300804509793, 0.00029549416588706265, -5.2366695014823044e-05, 4.129431511079736e-06, -0.14546541382690625, 0.1820904233420286, -0.031157251560183417, 0.0047895313330748234, 0.0005905568362304052, -0.0003798745107500617, 4.059938858272264e-05], [-0.005645155922987699, 0.005983365783006668, -0.002992398436802055, 0.0008709870715919264, -0.00017312026451807397, 2.8691827220147172e-05, -2.601811415869173e-06, -0.06189703905780258, -0.031157251560183417, 0.03720962447376566, -0.010776422666950468, -2.227757695935249e-05, 0.00048076404404098837, -5.711717271538044e-05], [0.0022490084978383645, -0.0017600142486535444, 0.0014819192302788229, -0.0003774849154596285, 7.771895538436885e-06, 8.295694139560112e-06, -7.325212915634582e-07, 0.0011710974947202763, 0.0047895313330748234, -0.010776422666950468, 0.0044252666590725125, -0.0002600450507000589, -0.00015682211071070572, 2.2356763808886935e-05], [-0.0008251510726924828, 0.000308753665926728, -0.00031222521368471544, 6.0721410478785514e-05, 2.0577345167817027e-05, -8.335946587555056e-06, 7.637043629164345e-07, 0.0007362938945835781, 0.0005905568362304052, -2.227757695935249e-05, -0.0002600450507000589, 7.616634948392998e-05, -1.2798936858320683e-06, -9.844147450728366e-07], [0.0001367526682401896, -3.846962654535372e-05, 3.1726317494288666e-05, -1.267824608237697e-06, -5.767491603774612e-06, 1.8260921140448713e-06, -1.652638241291219e-07, 1.1864864429156477e-05, -0.0003798745107500617, 0.00048076404404098837, -0.00015682211071070572, -1.2798936858320683e-06, 7.758802808427887e-06, -9.044566864461078e-07], [-9.435911869037754e-06, 2.755917526759012e-06, -1.4231411678410753e-06, -2.9697063262691715e-07, 4.55877278905059e-07, -1.2715612442664965e-07, 1.1171696611040818e-08, -1.224069451554382e-05, 4.059938858272264e-05, -5.711717271538044e-05, 2.2356763808886935e-05, -9.844147450728366e-07, -9.044566864461078e-07, 1.2306694505175476e-07]], [[40.52758711304808, -0.06814942066353757, -0.060378862165733974, 0.0047364520528000624, -0.0008595507966564856, 0.00039199295528015123, -7.036281422400308e-05, 4.152945590451103e-06, -1.5416423357051379, 0.047676856029906164, 0.0020419965858071852, -0.0013537168914399694, 0.0003628535059615832, -0.00013534381027892624, 3.0503743507771676e-05, -2.4123158493088125e-06], [-0.06814942066353757, 0.1596946587985874, -0.025767430668104, 0.003920908341543362, 0.000152368802583712, -0.0001221592780299473, -1.0344329972040072e-05, 3.7332600063262236e-06, -0.05897319117564051, -0.0020270254464975516, 0.00545537449423874, -0.0019202462438598481, 0.00033049423909732573, 6.556054197982606e-06, -1.1409143342772709e-05, 1.1874268442027204e-06], [-0.060378862165733974, -0.025767430668104, 0.03132420545947114, -0.00933935290471375, 0.00039404935934800534, 0.00020180813134737863, -5.532567747288421e-06, -3.329075069426104e-06, -0.002372185220979276, 0.0007006256931287959, -0.004080328692317732, 0.002568681923864874, -0.0005541021645681009, -1.6569789763309583e-05, 2.2638079817177166e-05, -2.338567434092514e-06], [0.0047364520528000624, 0.003920908341543362, -0.00933935290471375, 0.0042910648235804085, -0.000533540211353566, -6.817307407369827e-05, 1.6294898562852075e-05, -3.6230856666285416e-07, 0.000501975821443688, -0.0012046988895546948, 0.0019504488873455374, -0.0013531300074934953, 0.0003382187601488398, 2.7413436818706485e-06, -1.3470318078621162e-05, 1.5006519088367139e-06], [-0.0008595507966564856, 0.000152368802583712, 0.00039404935934800534, -0.000533540211353566, 0.00015940361192574086, 3.9615262035552613e-07, -6.263911871119598e-06, 6.747987199714441e-07, 0.00048292921011128704, 0.00031909359938085783, -0.0004044530283911461, 0.00028082701198255046, -7.740695608342369e-05, 1.2316930544013295e-06, 2.886938019469875e-06, -3.5107210760617606e-07], [0.00039199295528015123, -0.0001221592780299473, 0.00020180813134737863, -6.817307407369827e-05, 3.9615262035552613e-07, 1.9352853378313823e-06, 1.3636331173081106e-07, -5.795900568168951e-08, -0.00021845233196587412, -3.111023686756294e-06, -1.887689159436448e-05, 1.1634832610585262e-05, -2.0540966341368884e-06, -2.5701957644804883e-07, 1.0438641755644826e-07, -7.300743615225776e-09], [-7.036281422400308e-05, -1.0344329972040072e-05, -5.532567747288421e-06, 1.6294898562852075e-05, -6.263911871119598e-06, 1.3636331173081106e-07, 2.660416181422903e-07, -3.2631932029552485e-08, 3.977153041848876e-05, -9.77115555472159e-06, 1.9502071746458947e-05, -1.2790860606872968e-05, 3.3589929376540946e-06, -4.256676311689932e-08, -1.1983613181302152e-07, 1.4145346652543133e-08], [4.152945590451103e-06, 3.7332600063262236e-06, -3.329075069426104e-06, -3.6230856666285416e-07, 6.747987199714441e-07, -5.795900568168951e-08, -3.2631932029552485e-08, 4.989935245194295e-09, -2.6852502077222487e-06, 1.0490620391942307e-06, -2.0245713364980717e-06, 1.3268301854090947e-06, -3.589164927126277e-07, 9.232258742513602e-09, 1.1923275557568699e-08, -1.4784775371030735e-09], [-1.5416423357051379, -0.05897319117564051, -0.002372185220979276, 0.000501975821443688, 0.00048292921011128704, -0.00021845233196587412, 3.977153041848876e-05, -2.6852502077222487e-06, 38.50412446007618, -0.14151887631834253, -0.06313772369367264, 0.0023401061223307885, 0.0001445387406178083, 0.0002167834332769859, -5.3325402887381885e-05, 3.218488634937341e-06], [0.047676856029906164, -0.0020270254464975516, 0.0007006256931287959, -0.0012046988895546948, 0.00031909359938085783, -3.111023686756294e-06, -9.77115555472159e-06, 1.0490620391942307e-06, -0.14151887631834253, 0.18017442635229358, -0.030776236936467388, 0.005770686785455145, -0.00020630694674883283, -0.00011732486924439595, -2.5875748875423993e-06, 2.98326014491577e-06], [0.0020419965858071852, 0.00545537449423874, -0.004080328692317732, 0.0019504488873455374, -0.0004044530283911461, -1.887689159436448e-05, 1.9502071746458947e-05, -2.0245713364980717e-06, -0.06313772369367264, -0.030776236936467388, 0.03754981054927044, -0.012067642465757342, 0.0008860304276024729, 0.0002107963488259566, -2.0120754005913e-05, -1.966518600305102e-06], [-0.0013537168914399694, -0.0019202462438598481, 0.002568681923864874, -0.0013531300074934953, 0.00028082701198255046, 1.1634832610585262e-05, -1.2790860606872968e-05, 1.3268301854090947e-06, 0.0023401061223307885, 0.005770686785455145, -0.012067642465757342, 0.005714123949723753, -0.0008313828976810057, -7.111233007661477e-05, 2.615550533631874e-05, -1.380297267088517e-06], [0.0003628535059615832, 0.00033049423909732573, -0.0005541021645681009, 0.0003382187601488398, -7.740695608342369e-05, -2.0540966341368884e-06, 3.3589929376540946e-06, -3.589164927126277e-07, 0.0001445387406178083, -0.00020630694674883283, 0.0008860304276024729, -0.0008313828976810057, 0.00023490448619542013, -6.834871404187765e-07, -8.827500487831937e-06, 9.762663980107276e-07], [-0.00013534381027892624, 6.556054197982606e-06, -1.6569789763309583e-05, 2.7413436818706485e-06, 1.2316930544013295e-06, -2.5701957644804883e-07, -4.256676311689932e-08, 9.232258742513602e-09, 0.0002167834332769859, -0.00011732486924439595, 0.0002107963488259566, -7.111233007661477e-05, -6.834871404187765e-07, 2.2104678727618987e-06, 1.8618963452615108e-07, -6.959225543550933e-08], [3.0503743507771676e-05, -1.1409143342772709e-05, 2.2638079817177166e-05, -1.3470318078621162e-05, 2.886938019469875e-06, 1.0438641755644826e-07, -1.1983613181302152e-07, 1.1923275557568699e-08, -5.3325402887381885e-05, -2.5875748875423993e-06, -2.0120754005913e-05, 2.615550533631874e-05, -8.827500487831937e-06, 1.8618963452615108e-07, 3.4747882708968916e-07, -4.220549527522368e-08], [-2.4123158493088125e-06, 1.1874268442027204e-06, -2.338567434092514e-06, 1.5006519088367139e-06, -3.5107210760617606e-07, -7.300743615225776e-09, 1.4145346652543133e-08, -1.4784775371030735e-09, 3.218488634937341e-06, 2.98326014491577e-06, -1.966518600305102e-06, -1.380297267088517e-06, 9.762663980107276e-07, -6.959225543550933e-08, -4.220549527522368e-08, 6.236245188354946e-09]]], "B_list": [{"B_diag": [0.42022798636012426], "B_by_diag": [0.0014519594015016484]}, {"B_diag": [0.008406537489390657], "B_by_diag": [-8.977167378450163e-05]}, {"B_diag": [0.0006987134702586547], "B_by_diag": [-1.3759451226423132e-05]}, {"B_diag": [0.00013643084484554839], "B_by_diag": [-1.4008522119864645e-06]}, {"B_diag": [5.194403096173779e-05], "B_by_diag": [-2.0181949447286046e-07]}, {"B_diag": [3.218149000428327e-05], "B_by_diag": [-1.2496722175977587e-07]}, {"B_diag": [3.163813730410646e-05], "B_by_diag": [-4.9842334029732323e-08]}, {"B_diag": [2.710964669599801e-05], "B_by_diag": [1.3236003368454126e-06]}], "bic_scores": [100.02961059147582, -36.07274924222376, -106.06034676562444, -135.77095609446087, -132.14166443255783, -103.92053129315119, -54.76481724333527, -0.36491205374125], "best_bic": -135.77095609446087, "best_bic_A": [[39.89400935209833, -0.09169466206287533, -0.05247136935116599, 0.0037731339271254464, -1.538836164120633, 0.051298757788003614, -0.0028468969065499937, 5.109217829861051e-06], [-0.09169466206287533, 0.19723999352814436, -0.02907250178403078, 0.0018934063423925315, -0.06584355037947273, -0.0005978828463252984, 0.003588900590038228, -0.0004522529181608096], [-0.05247136935116599, -0.02907250178403078, 0.014726117454134057, -0.0015742453676260604, 0.002328714953129515, -0.002822318831955473, -0.00018067708732612896, 9.323279900311267e-05], [0.0037731339271254464, 0.0018934063423925315, -0.0015742453676260604, 0.00020303788886381162, 3.958562495851063e-05, 0.00036558571187714033, -5.394567616693173e-05, -2.6495229599189746e-06], [-1.538836164120633, -0.06584355037947273, 0.002328714953129515, 3.958562495851063e-05, 38.23620602389232, -0.1635254110987619, -0.0605868885087448, 0.0047278757717165755], [0.051298757788003614, -0.0005978828463252984, -0.002822318831955473, 0.00036558571187714033, -0.1635254110987619, 0.21869703351445208, -0.031388023953476146, 0.001994990248558558], [-0.0028468969065499937, 0.003588900590038228, -0.00018067708732612896, -5.394567616693173e-05, -0.0605868885087448, -0.031388023953476146, 0.015824300925594295, -0.001686594883105439], [5.109217829861051e-06, -0.0004522529181608096, 9.323279900311267e-05, -2.6495229599189746e-06, 0.0047278757717165755, 0.001994990248558558, -0.001686594883105439, 0.00021822062090431495]], "best_bic_B": {"B_diag": [0.00013643084484554839], "B_by_diag": [-1.4008522119864645e-06]}, "best_bic_deg": 4, "best_bic_deg_idx": 3, "aic_scores": [95.74568042471505, -46.3541816424496, -125.76642553272399, -168.32882536184272, -180.97846833363062, -172.4634139613235, -146.44092281201574, -118.6013846563385], "best_aic": -180.97846833363062, "best_aic_A": [[40.53814014859872, -0.07819720398818802, -0.05788808262477064, 0.003991310383617001, -1.5039891201905382e-05, -1.5376095980689979, 0.04667874249136257, 0.00193281722166173, -0.001073945681670977, 7.752405227849026e-05], [-0.07819720398818802, 0.18530405056484292, -0.040273331920041865, 0.006972792162032861, -0.0005067755021524737, -0.06376871800454842, -0.00044109689628795063, 0.004170039085831826, -0.0010586828460530454, 9.0935369174715e-05], [-0.05788808262477064, -0.040273331920041865, 0.03822861393007293, -0.00985598366422432, 0.0008427846451063823, -0.0005699906939838228, -0.002786126380031435, -0.0004951305923550283, 0.0004771332667425371, -6.163626682267072e-05], [0.003991310383617001, 0.006972792162032861, -0.00985598366422432, 0.003051198660894245, -0.0002903313387220355, 0.0007039429532226901, 0.0007099966870864127, -0.00019135863106623646, -4.6467598643519204e-05, 1.1113538912798695e-05], [-1.5039891201905382e-05, -0.0005067755021524737, 0.0008427846451063823, -0.0002903313387220355, 2.9580139443320722e-05, -6.403299849580009e-05, -6.336990533020683e-05, 3.580758105006816e-05, -1.8430999460398129e-06, -5.026221517982902e-07], [-1.5376095980689979, -0.06376871800454842, -0.0005699906939838228, 0.0007039429532226901, -6.403299849580009e-05, 38.522152095004465, -0.1407565040472433, -0.06877637616493207, 0.005779994037199262, -0.00011540664511931917], [0.04667874249136257, -0.00044109689628795063, -0.002786126380031435, 0.0007099966870864127, -6.336990533020683e-05, -0.1407565040472433, 0.2049885649008366, -0.04321421949298761, 0.007424542227453802, -0.0005447679954625944], [0.00193281722166173, 0.004170039085831826, -0.0004951305923550283, -0.00019135863106623646, 3.580758105006816e-05, -0.06877637616493207, -0.04321421949298761, 0.04099621008665863, -0.01056886096710163, 0.0009074431271699337], [-0.001073945681670977, -0.0010586828460530454, 0.0004771332667425371, -4.6467598643519204e-05, -1.8430999460398129e-06, 0.005779994037199262, 0.007424542227453802, -0.01056886096710163, 0.003276456106519838, -0.00031293552267461417], [7.752405227849026e-05, 9.0935369174715e-05, -6.163626682267072e-05, 1.1113538912798695e-05, -5.026221517982902e-07, -0.00011540664511931917, -0.0005447679954625944, 0.0009074431271699337, -0.00031293552267461417, 3.1987449635139015e-05]], "best_aic_B": {"B_diag": [5.194403096173779e-05], "B_by_diag": [-2.0181949447286046e-07]}, "best_aic_deg": 5, "best_aic_deg_idx": 4, "lr": 0.001, "optimizer": null, "epochs": 100, "best_epochs": [99, 90, 80, 74, 90, 99, 99, 99], "batch_size": 1024}