{"degree": [1, 2, 3, 4, 5, 6, 7, 8], "losses": [255.8694124220923, 55.63904795731082, -61.05803566862523, -139.59492024837758, -194.14617682412702, -220.92304488377906, -231.66827436722858, -233.7811561013614], "A_list": [[[8.974572330198164, -0.3034783757038578], [-0.3034783757038578, 10.180141380212769]], [[9.154285386287098, -0.08124045871941518, -0.4358669332057437, 0.04007336444486513], [-0.08124045871941518, 0.021180982146105618, -0.040261943244265304, 0.0003029452626906381], [-0.4358669332057437, -0.040261943244265304, 10.42362877357188, -0.07527135901851327], [0.04007336444486513, 0.0003029452626906381, -0.07527135901851327, 0.02174932767665639]], [[9.310809397579703, -0.11272616116636276, 0.0017588243433981025, -0.4468562815280734, 0.05096543446529461, -0.001852586776482002], [-0.11272616116636276, 0.07431447165945973, -0.004656782601375911, -0.05339720999509401, 0.0010426962579433605, 0.00030016636471834584], [0.0017588243433981025, -0.004656782601375911, 0.0004078156914395576, 0.0017081758733035184, -0.0003733999780512786, 1.3478031220399987e-06], [-0.4468562815280734, -0.05339720999509401, 0.0017081758733035184, 10.771856478500304, -0.08435925262038417, -0.00022863913343539518], [0.05096543446529461, 0.0010426962579433605, -0.0003733999780512786, -0.08435925262038417, 0.07477239682797471, -0.004698307686611061], [-0.001852586776482002, 0.00030016636471834584, 1.3478031220399987e-06, -0.00022863913343539518, -0.004698307686611061, 0.0004152883508506375]], [[9.177230162823438, -0.10325927292717713, 0.004441252613431169, -0.0001548174098208568, -0.4760225086835209, 0.034235128578181444, 0.0010192433625166911, -0.00014161070444973235], [-0.10325927292717713, 0.13068058395456983, -0.020417749262846466, 0.0010336998985165217, -0.03231017268027605, 0.0001700713974093183, 0.0011263757528949595, -9.033565763480879e-05], [0.004441252613431169, -0.020417749262846466, 0.004594296490245808, -0.00027526082047805804, -0.0016768290289742246, -0.0011046559172095505, 2.3382464056603583e-05, 6.0127348973362195e-06], [-0.0001548174098208568, 0.0010336998985165217, -0.00027526082047805804, 1.808555001441886e-05, 0.00016901895114701453, 8.686656456063707e-05, -9.67577221413413e-06, 1.4956856247405555e-07], [-0.4760225086835209, -0.03231017268027605, -0.0016768290289742246, 0.00016901895114701453, 10.706045789315294, -0.08119721322217058, 0.003158050352043349, -0.000176308062891282], [0.034235128578181444, 0.0001700713974093183, -0.0011046559172095505, 8.686656456063707e-05, -0.08119721322217058, 0.13217342369934357, -0.02052072208136421, 0.0010312562759759879], [0.0010192433625166911, 0.0011263757528949595, 2.3382464056603583e-05, -9.67577221413413e-06, 0.003158050352043349, -0.02052072208136421, 0.004584128893643894, -0.0002725437917442529], [-0.00014161070444973235, -9.033565763480879e-05, 6.0127348973362195e-06, 1.4956856247405555e-07, -0.000176308062891282, 0.0010312562759759879, -0.0002725437917442529, 1.779048225978659e-05]], [[9.108545122147204, -0.08139368168784512, 0.006533462254526151, -0.0008741069544505397, 3.507624038737484e-05, -0.48050470647499766, 0.030972494066078635, 0.0017435724254699731, -0.0001308589072102874, -5.52872952193746e-06], [-0.08139368168784512, 0.13774172195084783, -0.03053284099729795, 0.002952374966283791, -0.00010276810099943534, -0.028597837639235367, 0.00012034507374024618, 0.0008802094492867835, -0.00011081752204674113, 4.610656320581538e-06], [0.006533462254526151, -0.03053284099729795, 0.011051003549079817, -0.0014224478631304454, 6.263307956858782e-05, -0.0019415557310864986, -0.0012695706401330432, 0.00015839127253232288, 5.534124885387014e-06, -1.1119250022282982e-06], [-0.0008741069544505397, 0.002952374966283791, -0.0014224478631304454, 0.00022045512983799752, -1.109162439674695e-05, 5.491409159947848e-05, 0.0001952636112610633, -5.6403114383938195e-05, 4.082107068788872e-06, -4.261437901990524e-08], [3.507624038737484e-05, -0.00010276810099943534, 6.263307956858782e-05, -1.109162439674695e-05, 6.083685271356438e-07, 1.0813877100561199e-05, -9.438173403045405e-06, 3.6214307969545524e-06, -3.6805173389889307e-07, 1.0559598958775397e-08], [-0.48050470647499766, -0.028597837639235367, -0.0019415557310864986, 5.491409159947848e-05, 1.0813877100561199e-05, 10.643386615729465, -0.05922166093659201, 0.0054425207511428104, -0.0009593537336422984, 3.915737911777326e-05], [0.030972494066078635, 0.00012034507374024618, -0.0012695706401330432, 0.0001952636112610633, -9.438173403045405e-06, -0.05922166093659201, 0.13987450365170553, -0.03084747359520059, 0.0029829216284013925, -0.00010413372399609752], [0.0017435724254699731, 0.0008802094492867835, 0.00015839127253232288, -5.6403114383938195e-05, 3.6214307969545524e-06, 0.0054425207511428104, -0.03084747359520059, 0.011135885688088527, -0.0014363791207248132, 6.3411970097522e-05], [-0.0001308589072102874, -0.00011081752204674113, 5.534124885387014e-06, 4.082107068788872e-06, -3.6805173389889307e-07, -0.0009593537336422984, 0.0029829216284013925, -0.0014363791207248132, 0.00022342035228068048, -1.1261723968827346e-05], [-5.52872952193746e-06, 4.610656320581538e-06, -1.1119250022282982e-06, -4.261437901990524e-08, 1.0559598958775397e-08, 3.915737911777326e-05, -0.00010413372399609752, 6.3411970097522e-05, -1.1261723968827346e-05, 6.177361351092943e-07]], [[9.078382249928485, -0.05426812014618856, 0.001834885187837183, -0.0006499933668811658, 2.0499934781694428e-05, 2.1746621623953245e-06, -0.47723259345744234, 0.02783247034969484, 0.0029168119221299363, -0.00024037525078656646, -1.0094270065879638e-05, 7.312885283821903e-07], [-0.05426812014618856, 0.12050573700268696, -0.027516828743302333, 0.0024453308094409525, -3.88191982095706e-06, -7.037908479576898e-06, -0.03180672271682062, 0.003261581022613545, -0.000495685695573114, 9.91595056446993e-05, -6.221206275916465e-06, 8.226529791354188e-09], [0.001834885187837183, -0.027516828743302333, 0.01080772691696887, -0.001450105342471757, 6.108106360259176e-05, 5.234259054421267e-07, -0.0010388013684292342, -0.0024946528536922263, 0.0007352917778641354, -9.051678586262794e-05, 4.520822580663082e-06, -5.245953154168986e-08], [-0.0006499933668811658, 0.0024453308094409525, -0.001450105342471757, 0.0003021929318294327, -2.650157036684709e-05, 8.263788784386026e-07, -0.00013725983158803843, 0.00043073315182745, -0.0001782307614226985, 2.7115813311978722e-05, -1.6266215261413206e-06, 2.807165531993684e-08], [2.0499934781694428e-05, -3.88191982095706e-06, 6.108106360259176e-05, -2.650157036684709e-05, 3.7910113027609015e-06, -1.791559605966849e-07, 4.157326213590125e-05, -3.348157098730081e-05, 1.691586101875383e-05, -3.2411233817250346e-06, 2.448138303121918e-07, -6.10355037723077e-09], [2.1746621623953245e-06, -7.037908479576898e-06, 5.234259054421267e-07, 8.263788784386026e-07, -1.791559605966849e-07, 1.0191950366462058e-08, -2.024278478014226e-06, 1.0307052000855712e-06, -5.756607984466275e-07, 1.3565610104879037e-07, -1.2250050263495113e-08, 3.74052195197886e-10], [-0.47723259345744234, -0.03180672271682062, -0.0010388013684292342, -0.00013725983158803843, 4.157326213590125e-05, -2.024278478014226e-06, 10.60679144789529, -0.031228429657778063, 0.0001020354175480468, -0.000602257187417895, 1.3540284763696575e-05, 2.5956505183679217e-06], [0.02783247034969484, 0.003261581022613545, -0.0024946528536922263, 0.00043073315182745, -3.348157098730081e-05, 1.0307052000855712e-06, -0.031228429657778063, 0.11939931695843553, -0.026812605383528258, 0.00240836106163966, -1.2655094437151287e-05, -6.2756632874254e-06], [0.0029168119221299363, -0.000495685695573114, 0.0007352917778641354, -0.0001782307614226985, 1.691586101875383e-05, -5.756607984466275e-07, 0.0001020354175480468, -0.026812605383528258, 0.010680783344181969, -0.0014914009240858074, 7.139746318380179e-05, -6.904054212950751e-08], [-0.00024037525078656646, 9.91595056446993e-05, -9.051678586262794e-05, 2.7115813311978722e-05, -3.2411233817250346e-06, 1.3565610104879037e-07, -0.000602257187417895, 0.00240836106163966, -0.0014914009240858074, 0.00032568260741157974, -3.011352001908671e-05, 1.0046763824293144e-06], [-1.0094270065879638e-05, -6.221206275916465e-06, 4.520822580663082e-06, -1.6266215261413206e-06, 2.448138303121918e-07, -1.2250050263495113e-08, 1.3540284763696575e-05, -1.2655094437151287e-05, 7.139746318380179e-05, -3.011352001908671e-05, 4.280492415838381e-06, -2.021487633648449e-07], [7.312885283821903e-07, 8.226529791354188e-09, -5.245953154168986e-08, 2.807165531993684e-08, -6.10355037723077e-09, 3.74052195197886e-10, 2.5956505183679217e-06, -6.2756632874254e-06, -6.904054212950751e-08, 1.0046763824293144e-06, -2.021487633648449e-07, 1.125080160875505e-08]], [[9.07557612549802, -0.05551515043442601, 0.0017729846921896884, -0.0004861046672161726, -5.4973134103593997e-05, 1.4359234827454024e-05, -6.535737095047028e-07, -0.47561462099657387, 0.02566370280582386, 0.003580347985018614, -0.0003425655595142571, 1.0034471997648535e-05, -2.6745892225691437e-06, 2.0184108869331268e-07], [-0.05551515043442601, 0.1253580206583228, -0.029033167194637166, 0.0022351450947590916, 0.00014845313159077885, -2.9487644679636766e-05, 1.0658210604388333e-06, -0.03185964574167697, 0.00024653688020991136, 0.0008000237165565815, -9.531291224414257e-05, 1.7895282325045605e-06, 4.543678131207745e-07, -2.45964284337663e-08], [0.0017729846921896884, -0.029033167194637166, 0.0116337128425687, -0.001386447945176337, -3.315122520074407e-05, 1.670576046068662e-05, -8.329039799420026e-07, -0.0008756677756497163, -0.001069495655405078, 8.965791129310888e-05, 1.956329733484805e-05, -2.5627443697883966e-06, -5.375128510089601e-08, 1.0181354023965392e-08], [-0.0004861046672161726, 0.0022351450947590916, -0.001386447945176337, 0.0002445012831962943, -1.9153696455716424e-06, -2.928664884546881e-06, 1.889096373934613e-07, -0.00019687627576335623, 0.0001387156771592782, -4.478321917194621e-05, 2.8825338711106882e-06, 3.87415012876685e-07, -4.254188611783321e-08, 8.483323613610121e-10], [-5.4973134103593997e-05, 0.00014845313159077885, -3.315122520074407e-05, -1.9153696455716424e-06, 6.267341911521307e-07, 2.2484749391840997e-08, -5.2117235436394585e-09, 3.374833748751553e-05, -1.4646222502653095e-06, 3.5527375962395065e-06, -8.850916840631089e-07, 2.2378095541068345e-08, 9.181432262103261e-09, -6.310593760244069e-10], [1.4359234827454024e-05, -2.9487644679636766e-05, 1.670576046068662e-05, -2.928664884546881e-06, 2.2484749391840997e-08, 3.548184291649007e-08, -2.288485090187853e-09, 7.237225392398573e-07, -1.0163411823705005e-06, 1.0991291227406107e-07, 4.53816373467095e-08, -6.525947790204363e-09, -4.0439352927842636e-10, 5.871821688585906e-11], [-6.535737095047028e-07, 1.0658210604388333e-06, -8.329039799420026e-07, 1.889096373934613e-07, -5.2117235436394585e-09, -2.288485090187853e-09, 1.7191255147289213e-10, -1.8407389010272996e-07, 6.590678297279599e-08, -1.663826205290354e-08, 5.237152227893245e-10, 2.8414141860677166e-10, -8.440868946751296e-12, -1.2831889965678212e-12], [-0.47561462099657387, -0.03185964574167697, -0.0008756677756497163, -0.00019687627576335623, 3.374833748751553e-05, 7.237225392398573e-07, -1.8407389010272996e-07, 10.60981966778368, -0.030346929324860685, -0.0002876302525848874, -0.0004194768309711427, -5.828962655101934e-05, 1.4225422063331482e-05, -6.025484868548603e-07], [0.02566370280582386, 0.00024653688020991136, -0.001069495655405078, 0.0001387156771592782, -1.4646222502653095e-06, -1.0163411823705005e-06, 6.590678297279599e-08, -0.030346929324860685, 0.12701037196577925, -0.02925930452532011, 0.0023022020889059023, 0.00013239586303983786, -2.7528193421119393e-05, 9.738200592133072e-07], [0.003580347985018614, 0.0008000237165565815, 8.965791129310888e-05, -4.478321917194621e-05, 3.5527375962395065e-06, 1.0991291227406107e-07, -1.663826205290354e-08, -0.0002876302525848874, -0.02925930452532011, 0.011727728006833043, -0.0014200382174093017, -2.7272378931010446e-05, 1.6148602488401595e-05, -8.102889354484613e-07], [-0.0003425655595142571, -9.531291224414257e-05, 1.956329733484805e-05, 2.8825338711106882e-06, -8.850916840631089e-07, 4.53816373467095e-08, 5.237152227893245e-10, -0.0004194768309711427, 0.0023022020889059023, -0.0014200382174093017, 0.00025099542652171563, -2.365258579365974e-06, -2.9221836469139243e-06, 1.8914658324699331e-07], [1.0034471997648535e-05, 1.7895282325045605e-06, -2.5627443697883966e-06, 3.87415012876685e-07, 2.2378095541068345e-08, -6.525947790204363e-09, 2.8414141860677166e-10, -5.828962655101934e-05, 0.00013239586303983786, -2.7272378931010446e-05, -2.365258579365974e-06, 5.569219753868012e-07, 3.404911807463763e-08, -5.647290770987473e-09], [-2.6745892225691437e-06, 4.543678131207745e-07, -5.375128510089601e-08, -4.254188611783321e-08, 9.181432262103261e-09, -4.0439352927842636e-10, -8.440868946751296e-12, 1.4225422063331482e-05, -2.7528193421119393e-05, 1.6148602488401595e-05, -2.9221836469139243e-06, 3.404911807463763e-08, 3.444021068199226e-08, -2.274289727419155e-09], [2.0184108869331268e-07, -2.45964284337663e-08, 1.0181354023965392e-08, 8.483323613610121e-10, -6.310593760244069e-10, 5.871821688585906e-11, -1.2831889965678212e-12, -6.025484868548603e-07, 9.738200592133072e-07, -8.102889354484613e-07, 1.8914658324699331e-07, -5.647290770987473e-09, -2.274289727419155e-09, 1.7355528409812821e-10]], [[9.059271483944574, -0.037524025529227976, -0.003323385831362288, 0.00014843882846237642, -8.952914471366975e-05, 7.064978001206274e-06, 1.500352166047432e-06, -1.431615514062322e-07, -0.47561097283677867, 0.02666515108805835, 0.002992501049680724, -0.0001323281735950557, -2.9323507505617826e-05, 1.8006520286439596e-06, -6.800633059386384e-08, 5.926204171687217e-09], [-0.037524025529227976, 0.10389226109122142, -0.021630037703920964, 0.0009614136331906005, 0.00023295241568774023, -1.2371130047678595e-05, -3.06594811660536e-06, 2.40811733489599e-07, -0.02897062802007044, -0.00019954381880473465, 0.0011757451476243116, -0.00016510140988781698, 4.90236762130318e-06, 6.802204481423126e-07, -7.205469498939053e-08, 3.1638639513502937e-09], [-0.003323385831362288, -0.021630037703920964, 0.00875387443049715, -0.0008027495033362493, -7.682430393421124e-05, 7.954602860255913e-06, 1.2235854457187526e-06, -1.1505347058417995e-07, -0.0016982847155151564, -0.0006612931950844011, -0.00017268131765084025, 7.111052274299043e-05, -5.089753599621715e-06, -3.6355075279732834e-07, 5.0849812849642327e-08, -1.466988151019644e-09], [0.00014843882846237642, 0.0009614136331906005, -0.0008027495033362493, 0.00013005886185421867, 3.7558359326904555e-06, -1.2400391956806674e-06, -1.0885074531997775e-07, 1.4421220766294254e-08, -2.0918548002487357e-05, 6.590467886536519e-05, -6.091355508667061e-06, -4.875334932115748e-06, 8.549830644194352e-07, 1.5008388775564154e-08, -9.820082864320408e-09, 5.068254827605728e-10], [-8.952914471366975e-05, 0.00023295241568774023, -7.682430393421124e-05, 3.7558359326904555e-06, 1.0083973854637993e-06, -4.2441882143423205e-08, -1.2927142207410062e-08, 8.742697388371509e-10, 7.571971813611514e-06, -5.920826969481143e-06, 5.014543523421171e-06, -1.0567960859850263e-06, 2.0114999257858767e-08, 7.805057471236268e-09, 6.626816262670126e-11, -4.847115136848568e-11], [7.064978001206274e-06, -1.2371130047678595e-05, 7.954602860255913e-06, -1.2400391956806674e-06, -4.2441882143423205e-08, 1.2213520680203347e-08, 1.1480318544747692e-09, -1.466651647801111e-10, 2.595038931994973e-06, 2.2377783305597745e-07, -1.4261882588295079e-07, 6.174947214777216e-08, -7.546813813373605e-09, -2.622288778595523e-10, 8.403920956541777e-11, -3.450650425893488e-12], [1.500352166047432e-06, -3.06594811660536e-06, 1.2235854457187526e-06, -1.0885074531997775e-07, -1.2927142207410062e-08, 1.1480318544747692e-09, 2.0272581115158483e-10, -1.7700740504269104e-11, -5.657791689564042e-08, 1.117207488564456e-07, -8.241557573572575e-08, 1.769109102171082e-08, -6.052353586959553e-10, -1.2427296641405515e-10, 2.3510341356675166e-12, 6.126786211215123e-13], [-1.431615514062322e-07, 2.40811733489599e-07, -1.1505347058417995e-07, 1.4421220766294254e-08, 8.742697388371509e-10, -1.466651647801111e-10, -1.7700740504269104e-11, 1.9323436167922033e-12, -1.570943257621833e-08, -9.922940586822523e-09, 6.301294596505531e-09, -1.436796395456885e-09, 8.123775621419049e-11, 8.910667901347039e-12, -6.572825858224098e-13, -1.541220255219874e-14], [-0.47561097283677867, -0.02897062802007044, -0.0016982847155151564, -2.0918548002487357e-05, 7.571971813611514e-06, 2.595038931994973e-06, -5.657791689564042e-08, -1.570943257621833e-08, 10.600819580083714, -0.012924145794904737, -0.005035687733398902, 8.29867669322082e-05, -7.321745110981887e-05, 5.165944506694976e-06, 1.6725007400095954e-06, -1.4819594817124654e-07], [0.02666515108805835, -0.00019954381880473465, -0.0006612931950844011, 6.590467886536519e-05, -5.920826969481143e-06, 2.2377783305597745e-07, 1.117207488564456e-07, -9.922940586822523e-09, -0.012924145794904737, 0.1068318240118505, -0.022504856545251355, 0.001082377773382804, 0.00023687324704062742, -1.3642265605403632e-05, -3.1588740710010173e-06, 2.5463248490279896e-07], [0.002992501049680724, 0.0011757451476243116, -0.00017268131765084025, -6.091355508667061e-06, 5.014543523421171e-06, -1.4261882588295079e-07, -8.241557573572575e-08, 6.301294596505531e-09, -0.005035687733398902, -0.022504856545251355, 0.009199263908451048, -0.0008749564295811377, -7.72840453110145e-05, 8.562583447873392e-06, 1.2540937393102703e-06, -1.207181533581396e-07], [-0.0001323281735950557, -0.00016510140988781698, 7.111052274299043e-05, -4.875334932115748e-06, -1.0567960859850263e-06, 6.174947214777216e-08, 1.769109102171082e-08, -1.436796395456885e-09, 8.29867669322082e-05, 0.001082377773382804, -0.0008749564295811377, 0.00014260017376007135, 3.557773272334078e-06, -1.325903334463716e-06, -1.1027052954255063e-07, 1.5038300863293172e-08], [-2.9323507505617826e-05, 4.90236762130318e-06, -5.089753599621715e-06, 8.549830644194352e-07, 2.0114999257858767e-08, -7.546813813373605e-09, -6.052353586959553e-10, 8.123775621419049e-11, -7.321745110981887e-05, 0.00023687324704062742, -7.72840453110145e-05, 3.557773272334078e-06, 1.0595642972609257e-06, -4.2722869811670545e-08, -1.3467209007169994e-08, 9.012453632088511e-10], [1.8006520286439596e-06, 6.802204481423126e-07, -3.6355075279732834e-07, 1.5008388775564154e-08, 7.805057471236268e-09, -2.622288778595523e-10, -1.2427296641405515e-10, 8.910667901347039e-12, 5.165944506694976e-06, -1.3642265605403632e-05, 8.562583447873392e-06, -1.325903334463716e-06, -4.2722869811670545e-08, 1.2763212849054674e-08, 1.1718329193975557e-09, -1.5086387945011654e-10], [-6.800633059386384e-08, -7.205469498939053e-08, 5.0849812849642327e-08, -9.820082864320408e-09, 6.626816262670126e-11, 8.403920956541777e-11, 2.3510341356675166e-12, -6.572825858224098e-13, 1.6725007400095954e-06, -3.1588740710010173e-06, 1.2540937393102703e-06, -1.1027052954255063e-07, -1.3467209007169994e-08, 1.1718329193975557e-09, 2.090771163537824e-10, -1.8117540858303813e-11], [5.926204171687217e-09, 3.1638639513502937e-09, -1.466988151019644e-09, 5.068254827605728e-10, -4.847115136848568e-11, -3.450650425893488e-12, 6.126786211215123e-13, -1.541220255219874e-14, -1.4819594817124654e-07, 2.5463248490279896e-07, -1.207181533581396e-07, 1.5038300863293172e-08, 9.012453632088511e-10, -1.5086387945011654e-10, -1.8117540858303813e-11, 1.972308016983957e-12]]], "B_list": [{"B_d": [[0.2663776467474415], [6.796021521359356e-06], [5.215486885751486e-07]], "B_theta": [6.084381482937273e-07], "B_const": [1.1004597719498481]}, {"B_d": [[0.004051363378748754], [2.4775034485251876e-07], [4.597378182791365e-08]], "B_theta": [1.5512157960129708e-07], "B_const": [0.09116686159338595]}, {"B_d": [[1.0275284790925303e-05], [2.132099862344763e-08], [1.1997024530938473e-08]], "B_theta": [8.29912549190698e-08], "B_const": [0.01994838049441474]}, {"B_d": [[1.5600795121480824e-06], [5.864928185495151e-09], [6.904129036538974e-09]], "B_theta": [2.7530472515499425e-08], "B_const": [0.006820994861941266]}, {"B_d": [[9.546520355971008e-05], [1.4205803506473021e-08], [9.017784423956336e-09]], "B_theta": [1.0199613644333236e-08], "B_const": [0.003084423138542189]}, {"B_d": [[0.00021414527925994623], [8.266505238431666e-08], [7.518926068993802e-08]], "B_theta": [7.94821957643222e-09], "B_const": [0.00179570483413893]}, {"B_d": [[0.00017338537103705307], [1.1251636905163664e-07], [1.2470323156020355e-07]], "B_theta": [8.826273602580026e-09], "B_const": [0.0016791148512977049]}, {"B_d": [[0.00016737336213700488], [2.1516225768380193e-07], [1.3568069035145464e-07]], "B_theta": [1.0394985354405176e-08], "B_const": [0.00164948885182289]}], "bic_scores": [273.44720904078207, 88.59741661735411, -3.9301966578835206, -49.508712577592576, -62.31270218395386, -38.55340496487284, 10.026429139755578, 76.02750930304555], "best_bic": -62.31270218395386, "best_bic_A": [[9.108545122147204, -0.08139368168784512, 0.006533462254526151, -0.0008741069544505397, 3.507624038737484e-05, -0.48050470647499766, 0.030972494066078635, 0.0017435724254699731, -0.0001308589072102874, -5.52872952193746e-06], [-0.08139368168784512, 0.13774172195084783, -0.03053284099729795, 0.002952374966283791, -0.00010276810099943534, -0.028597837639235367, 0.00012034507374024618, 0.0008802094492867835, -0.00011081752204674113, 4.610656320581538e-06], [0.006533462254526151, -0.03053284099729795, 0.011051003549079817, -0.0014224478631304454, 6.263307956858782e-05, -0.0019415557310864986, -0.0012695706401330432, 0.00015839127253232288, 5.534124885387014e-06, -1.1119250022282982e-06], [-0.0008741069544505397, 0.002952374966283791, -0.0014224478631304454, 0.00022045512983799752, -1.109162439674695e-05, 5.491409159947848e-05, 0.0001952636112610633, -5.6403114383938195e-05, 4.082107068788872e-06, -4.261437901990524e-08], [3.507624038737484e-05, -0.00010276810099943534, 6.263307956858782e-05, -1.109162439674695e-05, 6.083685271356438e-07, 1.0813877100561199e-05, -9.438173403045405e-06, 3.6214307969545524e-06, -3.6805173389889307e-07, 1.0559598958775397e-08], [-0.48050470647499766, -0.028597837639235367, -0.0019415557310864986, 5.491409159947848e-05, 1.0813877100561199e-05, 10.643386615729465, -0.05922166093659201, 0.0054425207511428104, -0.0009593537336422984, 3.915737911777326e-05], [0.030972494066078635, 0.00012034507374024618, -0.0012695706401330432, 0.0001952636112610633, -9.438173403045405e-06, -0.05922166093659201, 0.13987450365170553, -0.03084747359520059, 0.0029829216284013925, -0.00010413372399609752], [0.0017435724254699731, 0.0008802094492867835, 0.00015839127253232288, -5.6403114383938195e-05, 3.6214307969545524e-06, 0.0054425207511428104, -0.03084747359520059, 0.011135885688088527, -0.0014363791207248132, 6.3411970097522e-05], [-0.0001308589072102874, -0.00011081752204674113, 5.534124885387014e-06, 4.082107068788872e-06, -3.6805173389889307e-07, -0.0009593537336422984, 0.0029829216284013925, -0.0014363791207248132, 0.00022342035228068048, -1.1261723968827346e-05], [-5.52872952193746e-06, 4.610656320581538e-06, -1.1119250022282982e-06, -4.261437901990524e-08, 1.0559598958775397e-08, 3.915737911777326e-05, -0.00010413372399609752, 6.3411970097522e-05, -1.1261723968827346e-05, 6.177361351092943e-07]], "best_bic_B": {"B_d": [[9.546520355971008e-05], [1.4205803506473021e-08], [9.017784423956336e-09]], "B_theta": [1.0199613644333236e-08], "B_const": [0.003084423138542189]}, "best_bic_deg": 5, "best_bic_deg_idx": 4, "aic_scores": [263.8694124220923, 70.63904795731082, -35.05803566862523, -98.59492024837758, -134.14617682412702, -137.92304488377906, -121.66827436722858, -92.7811561013614], "best_aic": -137.92304488377906, "best_aic_A": [[9.078382249928485, -0.05426812014618856, 0.001834885187837183, -0.0006499933668811658, 2.0499934781694428e-05, 2.1746621623953245e-06, -0.47723259345744234, 0.02783247034969484, 0.0029168119221299363, -0.00024037525078656646, -1.0094270065879638e-05, 7.312885283821903e-07], [-0.05426812014618856, 0.12050573700268696, -0.027516828743302333, 0.0024453308094409525, -3.88191982095706e-06, -7.037908479576898e-06, -0.03180672271682062, 0.003261581022613545, -0.000495685695573114, 9.91595056446993e-05, -6.221206275916465e-06, 8.226529791354188e-09], [0.001834885187837183, -0.027516828743302333, 0.01080772691696887, -0.001450105342471757, 6.108106360259176e-05, 5.234259054421267e-07, -0.0010388013684292342, -0.0024946528536922263, 0.0007352917778641354, -9.051678586262794e-05, 4.520822580663082e-06, -5.245953154168986e-08], [-0.0006499933668811658, 0.0024453308094409525, -0.001450105342471757, 0.0003021929318294327, -2.650157036684709e-05, 8.263788784386026e-07, -0.00013725983158803843, 0.00043073315182745, -0.0001782307614226985, 2.7115813311978722e-05, -1.6266215261413206e-06, 2.807165531993684e-08], [2.0499934781694428e-05, -3.88191982095706e-06, 6.108106360259176e-05, -2.650157036684709e-05, 3.7910113027609015e-06, -1.791559605966849e-07, 4.157326213590125e-05, -3.348157098730081e-05, 1.691586101875383e-05, -3.2411233817250346e-06, 2.448138303121918e-07, -6.10355037723077e-09], [2.1746621623953245e-06, -7.037908479576898e-06, 5.234259054421267e-07, 8.263788784386026e-07, -1.791559605966849e-07, 1.0191950366462058e-08, -2.024278478014226e-06, 1.0307052000855712e-06, -5.756607984466275e-07, 1.3565610104879037e-07, -1.2250050263495113e-08, 3.74052195197886e-10], [-0.47723259345744234, -0.03180672271682062, -0.0010388013684292342, -0.00013725983158803843, 4.157326213590125e-05, -2.024278478014226e-06, 10.60679144789529, -0.031228429657778063, 0.0001020354175480468, -0.000602257187417895, 1.3540284763696575e-05, 2.5956505183679217e-06], [0.02783247034969484, 0.003261581022613545, -0.0024946528536922263, 0.00043073315182745, -3.348157098730081e-05, 1.0307052000855712e-06, -0.031228429657778063, 0.11939931695843553, -0.026812605383528258, 0.00240836106163966, -1.2655094437151287e-05, -6.2756632874254e-06], [0.0029168119221299363, -0.000495685695573114, 0.0007352917778641354, -0.0001782307614226985, 1.691586101875383e-05, -5.756607984466275e-07, 0.0001020354175480468, -0.026812605383528258, 0.010680783344181969, -0.0014914009240858074, 7.139746318380179e-05, -6.904054212950751e-08], [-0.00024037525078656646, 9.91595056446993e-05, -9.051678586262794e-05, 2.7115813311978722e-05, -3.2411233817250346e-06, 1.3565610104879037e-07, -0.000602257187417895, 0.00240836106163966, -0.0014914009240858074, 0.00032568260741157974, -3.011352001908671e-05, 1.0046763824293144e-06], [-1.0094270065879638e-05, -6.221206275916465e-06, 4.520822580663082e-06, -1.6266215261413206e-06, 2.448138303121918e-07, -1.2250050263495113e-08, 1.3540284763696575e-05, -1.2655094437151287e-05, 7.139746318380179e-05, -3.011352001908671e-05, 4.280492415838381e-06, -2.021487633648449e-07], [7.312885283821903e-07, 8.226529791354188e-09, -5.245953154168986e-08, 2.807165531993684e-08, -6.10355037723077e-09, 3.74052195197886e-10, 2.5956505183679217e-06, -6.2756632874254e-06, -6.904054212950751e-08, 1.0046763824293144e-06, -2.021487633648449e-07, 1.125080160875505e-08]], "best_aic_B": {"B_d": [[0.00021414527925994623], [8.266505238431666e-08], [7.518926068993802e-08]], "B_theta": [7.94821957643222e-09], "B_const": [0.00179570483413893]}, "best_aic_deg": 6, "best_aic_deg_idx": 5, "lr": [{"class_name": "PiecewiseConstantDecay", "config": {"boundaries": [4530], "values": [0.005, 0.005], "name": null}}, {"class_name": "PiecewiseConstantDecay", "config": {"boundaries": [4530], "values": [0.005, 0.005], "name": null}}, {"class_name": "PiecewiseConstantDecay", "config": {"boundaries": [4530], "values": [0.005, 0.005], "name": null}}, {"class_name": "PiecewiseConstantDecay", "config": {"boundaries": [4530], "values": [0.005, 0.005], "name": null}}, {"class_name": "PiecewiseConstantDecay", "config": {"boundaries": [4530], "values": [0.005, 0.005], "name": null}}, {"class_name": "PiecewiseConstantDecay", "config": {"boundaries": [4530], "values": [0.005, 0.005], "name": null}}, {"class_name": "PiecewiseConstantDecay", "config": {"boundaries": [4530], "values": [0.005, 0.005], "name": null}}, {"class_name": "PiecewiseConstantDecay", "config": {"boundaries": [4530], "values": [0.005, 0.005], "name": null}}], "optimizer": [{"class_name": "Adam", "config": {"name": "Adam", "learning_rate": 0.005, "decay": 0.0, "beta_1": 0.9, "beta_2": 0.999, "epsilon": 1e-07, "amsgrad": false}}, {"class_name": "Adam", "config": {"name": "Adam", "learning_rate": 0.005, "decay": 0.0, "beta_1": 0.9, "beta_2": 0.999, "epsilon": 1e-07, "amsgrad": false}}, {"class_name": "Adam", "config": {"name": "Adam", "learning_rate": 0.005, "decay": 0.0, "beta_1": 0.9, "beta_2": 0.999, "epsilon": 1e-07, "amsgrad": false}}, {"class_name": "Adam", "config": {"name": "Adam", "learning_rate": 0.005, "decay": 0.0, "beta_1": 0.9, "beta_2": 0.999, "epsilon": 1e-07, "amsgrad": false}}, {"class_name": "Adam", "config": {"name": "Adam", "learning_rate": 0.005, "decay": 0.0, "beta_1": 0.9, "beta_2": 0.999, "epsilon": 1e-07, "amsgrad": false}}, {"class_name": "Adam", "config": {"name": "Adam", "learning_rate": 0.005, "decay": 0.0, "beta_1": 0.9, "beta_2": 0.999, "epsilon": 1e-07, "amsgrad": false}}, {"class_name": "Adam", "config": {"name": "Adam", "learning_rate": 0.005, "decay": 0.0, "beta_1": 0.9, "beta_2": 0.999, "epsilon": 1e-07, "amsgrad": false}}, {"class_name": "Adam", "config": {"name": "Adam", "learning_rate": 0.005, "decay": 0.0, "beta_1": 0.9, "beta_2": 0.999, "epsilon": 1e-07, "amsgrad": false}}], "epochs": 100, "best_epochs": [99, 99, 99, 99, 99, 99, 99, 99], "batch_size": 256}