{"degree": [1, 2, 3, 4, 5, 6, 7, 8], "losses": [374.04526048704463, 124.22661576372064, -30.127145006016423, -144.43421194887037, -235.89338551465772, -310.34735909591865, -358.52939032259223, -370.8534698018272], "A_list": [[[39.306585806162694, -1.5889760599668648], [-1.5889760599668648, 36.81460511742817]], [[42.81733876856719, -0.569435796279802, -1.5152063499205093, 0.033729419510191865], [-0.569435796279802, 0.08980781803011496, -0.04940374966699321, 0.0001877227085034428], [-1.5152063499205093, -0.04940374966699321, 41.63646541617867, -0.7073400627860096], [0.033729419510191865, 0.0001877227085034428, -0.7073400627860096, 0.10195947453743717]], [[42.28867432130428, -0.5935320217701272, 0.001195710641890155, -1.504919799789903, 0.05577619707248786, -0.003626912401307979], [-0.5935320217701272, 0.2123278064586057, -0.011095148397759907, -0.06876547293770845, 0.0015389584129636737, 0.0006066120046323855], [0.001195710641890155, -0.011095148397759907, 0.00099901694442499, 0.003213873753046589, -0.00068325897509941, -4.188560495351446e-06], [-1.504919799789903, -0.06876547293770845, 0.003213873753046589, 41.030921723343255, -0.7437231063282121, 0.0022962677218712514], [0.05577619707248786, 0.0015389584129636737, -0.00068325897509941, -0.7437231063282121, 0.23687527904777747, -0.012121565256527925], [-0.003626912401307979, 0.0006066120046323855, -4.188560495351446e-06, 0.0022962677218712514, -0.012121565256527925, 0.001091351742854168]], [[41.64997250158744, -0.4189820087875361, -0.02292901710076702, 0.0016657736426085546, -1.4313516943157545, 0.051185668348020234, -0.005829839102213769, 0.00025203307357292583], [-0.4189820087875361, 0.2840484246096366, -0.03670847865313262, 0.0016604033208890007, -0.06301164517142856, -0.00019826897114989708, 0.002793273882800588, -0.00023359865920109682], [-0.02292901710076702, -0.03670847865313262, 0.008726828845814055, -0.0005037811075396739, 0.004620572324225184, -0.0025688164719670534, -2.149609929555782e-05, 2.07331627790426e-05], [0.0016657736426085546, 0.0016604033208890007, -0.0005037811075396739, 3.2875550788209034e-05, -0.00019900409350566322, 0.00021304376921863781, -1.8053082804032556e-05, -5.8991997689674864e-08], [-1.4313516943157545, -0.06301164517142856, 0.004620572324225184, -0.00019900409350566322, 40.40049194086478, -0.5297380457484001, -0.02899761504309927, 0.0021877002375103568], [0.051185668348020234, -0.00019826897114989708, -0.0025688164719670534, 0.00021304376921863781, -0.5297380457484001, 0.31129972695142333, -0.039260327501140245, 0.0017474399558135671], [-0.005829839102213769, 0.002793273882800588, -2.149609929555782e-05, -1.8053082804032556e-05, -0.02899761504309927, -0.039260327501140245, 0.009355107572144326, -0.0005372098526027254], [0.00025203307357292583, -0.00023359865920109682, 2.07331627790426e-05, -5.8991997689674864e-08, 0.0021877002375103568, 0.0017474399558135671, -0.0005372098526027254, 3.4934604941116326e-05]], [[41.43504604031244, -0.34731129803881106, -0.02625728928519075, 0.0012090078093321497, 1.3223681878554765e-05, -1.5207358903562709, 0.04625378125103829, -0.0033757967313586697, 0.00019256388919307185, -1.5139394130724671e-05], [-0.34731129803881106, 0.3053700781104145, -0.06879575218383832, 0.007528299204035284, -0.0002999898690581452, -0.046451237612529485, -0.0011009976702773354, 0.005278201817922031, -0.0009783634551069086, 5.451068795043932e-05], [-0.02625728928519075, -0.06879575218383832, 0.02971775982522004, -0.004036432413923609, 0.00018183108998394637, 0.0006256968779658458, -0.0038417523908208383, -0.00026736084990019635, 0.00019153359561593304, -1.449626557152258e-05], [0.0012090078093321497, 0.007528299204035284, -0.004036432413923609, 0.0006197664714506452, -3.0237078720688654e-05, -6.47006517917754e-05, 0.0007619128894842098, -0.00011166117973292077, -6.1870989223873885e-06, 1.140579495710502e-06], [1.3223681878554765e-05, -0.0002999898690581452, 0.00018183108998394637, -3.0237078720688654e-05, 1.5571122317016064e-06, 5.161027101144542e-06, -4.370432829452939e-05, 1.0343837160303244e-05, -4.872930907205914e-07, -1.710658297592978e-08], [-1.5207358903562709, -0.046451237612529485, 0.0006256968779658458, -6.47006517917754e-05, 5.161027101144542e-06, 40.122750849802564, -0.4577877010150914, -0.032760931368535355, 0.0016892291823302318, 1.5239105121116533e-05], [0.04625378125103829, -0.0011009976702773354, -0.0038417523908208383, 0.0007619128894842098, -4.370432829452939e-05, -0.4577877010150914, 0.3300067337480317, -0.07261344130176994, 0.007891875508520132, -0.00031489134846919505], [-0.0033757967313586697, 0.005278201817922031, -0.00026736084990019635, -0.00011166117973292077, 1.0343837160303244e-05, -0.032760931368535355, -0.07261344130176994, 0.03146947849304638, -0.00426920731237111, 0.00019240386854385975], [0.00019256388919307185, -0.0009783634551069086, 0.00019153359561593304, -6.1870989223873885e-06, -4.872930907205914e-07, 0.0016892291823302318, 0.007891875508520132, -0.00426920731237111, 0.0006563504335863939, -3.2061290319405645e-05], [-1.5139394130724671e-05, 5.451068795043932e-05, -1.449626557152258e-05, 1.140579495710502e-06, -1.710658297592978e-08, 1.5239105121116533e-05, -0.00031489134846919505, 0.00019240386854385975, -3.2061290319405645e-05, 1.6535663392087258e-06]], [[41.50910853189071, -0.3055329845078395, -0.030507025852663964, -0.0006523829241335588, 0.000364136112861789, -1.5774619556617268e-05, -1.5759304329296844, 0.03693870318907682, 3.895856172568199e-05, -0.00034315882577322376, 1.1554429512565154e-05, 7.378180522137613e-07], [-0.3055329845078395, 0.25651544459455156, -0.0657596510711021, 0.010173984038078294, -0.0007539838785192544, 2.0129398833492785e-05, -0.048073229193928, -0.0003341228640398082, 0.003379271581682667, -0.0007659357083770373, 7.6867681374724e-05, -3.0493720860570313e-06], [-0.030507025852663964, -0.0657596510711021, 0.03777416795998941, -0.007667318277991508, 0.0006857969043381239, -2.276195490029061e-05, 0.000889234532138117, -0.0028234374597639793, -3.3060871503077724e-05, 0.00021058644648788856, -3.526153804793306e-05, 1.7720175089702234e-06], [-0.0006523829241335588, 0.010173984038078294, -0.007667318277991508, 0.0019254496033261005, -0.000203790235825413, 7.841454775876964e-06, -0.00021706035290046464, 0.0007293767082943805, -0.00023651914673651988, 5.657419081599288e-06, 3.893532168117697e-06, -3.0664425345432504e-07], [0.000364136112861789, -0.0007539838785192544, 0.0006857969043381239, -0.000203790235825413, 2.437461357325936e-05, -1.0294518956569756e-06, 5.418048327637045e-05, -8.386671482569991e-05, 4.178094141308106e-05, -5.48049602885113e-06, 7.960281914582626e-08, 1.6223924442768092e-08], [-1.5774619556617268e-05, 2.0129398833492785e-05, -2.276195490029061e-05, 7.841454775876964e-06, -1.0294518956569756e-06, 4.636221373998683e-08, -3.2442425041519173e-06, 3.63019128994444e-06, -2.1242598075186333e-06, 3.71191202778421e-07, -2.066889820514383e-08, 1.1516735901005666e-11], [-1.5759304329296844, -0.048073229193928, 0.000889234532138117, -0.00021706035290046464, 5.418048327637045e-05, -3.2442425041519173e-06, 40.064702540792965, -0.41948151557190044, -0.0344684551806097, -0.0006238853274397466, 0.0003979759031291462, -1.5965757911019372e-05], [0.03693870318907682, -0.0003341228640398082, -0.0028234374597639793, 0.0007293767082943805, -8.386671482569991e-05, 3.63019128994444e-06, -0.41948151557190044, 0.2827170256213411, -0.07186380796089901, 0.011240249699527513, -0.0008509583711091925, 2.3404749965640888e-05], [3.895856172568199e-05, 0.003379271581682667, -3.3060871503077724e-05, -0.00023651914673651988, 4.178094141308106e-05, -2.1242598075186333e-06, -0.0344684551806097, -0.07186380796089901, 0.041316821906083566, -0.008421815693140771, 0.0007579273909759572, -2.532408903023566e-05], [-0.00034315882577322376, -0.0007659357083770373, 0.00021058644648788856, 5.657419081599288e-06, -5.48049602885113e-06, 3.71191202778421e-07, -0.0006238853274397466, 0.011240249699527513, -0.008421815693140771, 0.0021143147684300314, -0.00022385851940598026, 8.618785456593876e-06], [1.1554429512565154e-05, 7.6867681374724e-05, -3.526153804793306e-05, 3.893532168117697e-06, 7.960281914582626e-08, -2.066889820514383e-08, 0.0003979759031291462, -0.0008509583711091925, 0.0007579273909759572, -0.00022385851940598026, 2.6678123779275747e-05, -1.1244568270684777e-06], [7.378180522137613e-07, -3.0493720860570313e-06, 1.7720175089702234e-06, -3.0664425345432504e-07, 1.6223924442768092e-08, 1.1516735901005666e-11, -1.5965757911019372e-05, 2.3404749965640888e-05, -2.532408903023566e-05, 8.618785456593876e-06, -1.1244568270684777e-06, 5.0479617733596865e-08]], [[41.45224658033909, -0.2739422856975567, -0.041013355802251086, 0.0005768028917299205, 0.000260812928290991, 1.0065089964490513e-08, -1.1005038572871808e-06, -1.5151931591995693, 0.03365035762900795, 0.0005090213383779213, -0.0005247602821026355, 2.668486904597474e-05, 1.5314246014455718e-06, -1.0811934433777941e-07], [-0.2739422856975567, 0.1998482031347372, -0.04334355070247377, 0.006736120479434022, -0.00047163700278004514, -2.9616309925544804e-06, 1.3196182912566578e-06, -0.045522571530334524, 0.0008149369398427874, 0.0017826102354598621, -0.00021230085799662027, 1.118873772160554e-05, -1.1882347294128127e-06, 8.353462605280744e-08], [-0.041013355802251086, -0.04334355070247377, 0.0283199939876868, -0.006123315639785497, 0.0005510166053082652, -1.2540012501646191e-05, -5.272053693474199e-07, -0.0012451763820067244, -0.0029187365512662574, 0.0006793393450398311, -8.189168649356995e-05, 3.860881551278109e-06, 2.499628795548147e-07, -2.6320503373949133e-08], [0.0005768028917299205, 0.006736120479434022, -0.006123315639785497, 0.0017738570254156323, -0.00022715004161873362, 1.2676928098040366e-05, -2.1957621349810128e-07, 0.000395464842633442, 0.000668537661899072, -0.0004097478473135559, 9.54299016081564e-05, -1.0634089243916788e-05, 5.467324726571815e-07, -9.233823376773013e-09], [0.000260812928290991, -0.00047163700278004514, 0.0005510166053082652, -0.00022715004161873362, 4.175674360274671e-05, -3.5761638250952994e-06, 1.1683116321537045e-07, -1.1622893664251087e-06, -8.466989913660474e-05, 7.475399646040392e-05, -2.360968976231832e-05, 3.418236481037639e-06, -2.3162080835303285e-07, 5.854526627948731e-09], [1.0065089964490513e-08, -2.9616309925544804e-06, -1.2540012501646191e-05, 1.2676928098040366e-05, -3.5761638250952994e-06, 4.0571295729384624e-07, -1.6384153571487454e-08, -3.193299439861143e-06, 6.132810189136749e-06, -6.0855804572557645e-06, 2.380803758888755e-06, -4.0823001981987687e-07, 3.175516461199018e-08, -9.118307396220081e-10], [-1.1005038572871808e-06, 1.3196182912566578e-06, -5.272053693474199e-07, -2.1957621349810128e-07, 1.1683116321537045e-07, -1.6384153571487454e-08, 7.420708433511929e-10, 1.7494985718957537e-07, -1.9836745218073498e-07, 1.9078722145253842e-07, -8.764105898507614e-08, 1.6977177946972986e-08, -1.445849101959838e-09, 4.4761198396290834e-11], [-1.5151931591995693, -0.045522571530334524, -0.0012451763820067244, 0.000395464842633442, -1.1622893664251087e-06, -3.193299439861143e-06, 1.7494985718957537e-07, 40.1367957540352, -0.3756956172568122, -0.04843888871140961, 0.0014122381030314407, 0.00017511881180479368, 1.07990988141374e-05, -1.5732858639824842e-06], [0.03365035762900795, 0.0008149369398427874, -0.0029187365512662574, 0.000668537661899072, -8.466989913660474e-05, 6.132810189136749e-06, -1.9836745218073498e-07, -0.3756956172568122, 0.22437795121289372, -0.04901145702347498, 0.007969244823606232, -0.0006148477976727382, 3.872460958222859e-06, 1.2543219515227287e-06], [0.0005090213383779213, 0.0017826102354598621, 0.0006793393450398311, -0.0004097478473135559, 7.475399646040392e-05, -6.0855804572557645e-06, 1.9078722145253842e-07, -0.04843888871140961, -0.04901145702347498, 0.032441979154767264, -0.0072014263941736455, 0.0006832453669068322, -1.9734081047783537e-05, -4.0521373652467996e-07], [-0.0005247602821026355, -0.00021230085799662027, -8.189168649356995e-05, 9.54299016081564e-05, -2.360968976231832e-05, 2.380803758888755e-06, -8.764105898507614e-08, 0.0014122381030314407, 0.007969244823606232, -0.0072014263941736455, 0.0020962873691899825, -0.0002712667920617464, 1.5438401307239047e-05, -2.813154774867247e-07], [2.668486904597474e-05, 1.118873772160554e-05, 3.860881551278109e-06, -1.0634089243916788e-05, 3.418236481037639e-06, -4.0823001981987687e-07, 1.6977177946972986e-08, 0.00017511881180479368, -0.0006148477976727382, 0.0006832453669068322, -0.0002712667920617464, 4.85994542717675e-05, -4.078105998596209e-06, 1.3092638751532928e-07], [1.5314246014455718e-06, -1.1882347294128127e-06, 2.499628795548147e-07, 5.467324726571815e-07, -2.3162080835303285e-07, 3.175516461199018e-08, -1.445849101959838e-09, 1.07990988141374e-05, 3.872460958222859e-06, -1.9734081047783537e-05, 1.5438401307239047e-05, -4.078105998596209e-06, 4.493969839946001e-07, -1.7858366196768855e-08], [-1.0811934433777941e-07, 8.353462605280744e-08, -2.6320503373949133e-08, -9.233823376773013e-09, 5.854526627948731e-09, -9.118307396220081e-10, 4.4761198396290834e-11, -1.5732858639824842e-06, 1.2543219515227287e-06, -4.0521373652467996e-07, -2.813154774867247e-07, 1.3092638751532928e-07, -1.7858366196768855e-08, 7.99823854687055e-10]], [[41.450152644968426, -0.27061919207667157, -0.04424947616399902, 0.0015246219077010726, 0.00012788611820587474, 1.2133135541153709e-05, -2.1611992393372496e-06, 5.140969131438446e-08, -1.5538153915079636, 0.03537486113739594, -0.00011511740704739975, -0.00027787619362278966, -1.1899645479344392e-06, 1.7814026691699127e-06, 4.098034904055052e-09, -7.446352684633882e-09], [-0.27061919207667157, 0.19914815216009665, -0.04406573900033542, 0.006516856299780027, -0.00023391591662732123, -6.017871246302584e-05, 7.162242185803083e-06, -2.2387165199688518e-07, -0.041493626490870426, -0.0009137778888335383, 0.0033886463636675925, -0.0007242243565110504, 6.682806502695475e-05, -7.394606816653945e-07, -3.2914959505071797e-07, 1.830889044961704e-08], [-0.04424947616399902, -0.04406573900033542, 0.030069312761431162, -0.0063264602562914055, 0.0003821164490007486, 4.253090821836794e-05, -6.759746633488183e-06, 2.4869478916523505e-07, -0.0032086830224410984, -0.0016704216165398112, -0.0005873178716343124, 0.0003638626555690781, -5.5514572090886156e-05, 1.8204293620906363e-06, 2.407885635646105e-07, -1.602764549377646e-08], [0.0015246219077010726, 0.006516856299780027, -0.0063264602562914055, 0.0017714663112605232, -0.00015981449933797473, -8.882775148506384e-06, 2.3255151816547894e-06, -1.0529010727042755e-07, 0.0007093971951158805, 0.00030664153821140613, -4.412791427770442e-05, -4.904953605590196e-05, 1.3467166343531114e-05, -9.350169730454515e-07, -3.1234397240412115e-08, 4.082210818047442e-09], [0.00012788611820587474, -0.00023391591662732123, 0.0003821164490007486, -0.00015981449933797473, 2.139726750045536e-05, 3.533056993048355e-07, -2.7539415938551686e-07, 1.5219500238149626e-08, -2.521531217818811e-05, -3.211235496006585e-05, 2.559905910610895e-05, -2.896010793543952e-06, -6.376814494202911e-07, 1.3989128732375156e-07, -6.82033406403585e-09, -2.367863088077861e-11], [1.2133135541153709e-05, -6.017871246302584e-05, 4.253090821836794e-05, -8.882775148506384e-06, 3.533056993048355e-07, 7.940799416717638e-08, -7.842830657324414e-09, 1.4766842640356922e-10, 9.271471982844622e-07, 2.5125531882956665e-06, -3.2709223979472125e-06, 1.2616272531408889e-06, -1.6922174694500658e-07, -1.971040966996066e-10, 1.6830628188061099e-09, -9.431923785870529e-11], [-2.1611992393372496e-06, 7.162242185803083e-06, -6.759746633488183e-06, 2.3255151816547894e-06, -2.7539415938551686e-07, -7.842830657324414e-09, 3.7580863152788794e-09, -1.9619205011147497e-10, -5.988813573323412e-07, -1.27575849225181e-07, 1.7391612325460498e-07, -1.0339530705943757e-07, 2.3199896763349122e-08, -1.4584233979798962e-09, -9.669890154855077e-11, 1.0175852856818346e-11], [5.140969131438446e-08, -2.2387165199688518e-07, 2.4869478916523505e-07, -1.0529010727042755e-07, 1.5219500238149626e-08, 1.4766842640356922e-10, -1.9619205011147497e-10, 1.1378143167047526e-11, 4.076427556362348e-08, 1.917652035072431e-09, -2.7088688844361675e-09, 2.5400370902267462e-09, -8.372764782124723e-10, 8.4638317855559e-11, 4.230115025472728e-13, -3.013367649253366e-13], [-1.5538153915079636, -0.041493626490870426, -0.0032086830224410984, 0.0007093971951158805, -2.521531217818811e-05, 9.271471982844622e-07, -5.988813573323412e-07, 4.076427556362348e-08, 40.06576536542837, -0.3773506764938939, -0.048003916758653516, 0.0012937601578452687, 0.00021153254033662533, 4.347172750178213e-06, -1.045968227819995e-06, -1.2588894450942278e-08], [0.03537486113739594, -0.0009137778888335383, -0.0016704216165398112, 0.00030664153821140613, -3.211235496006585e-05, 2.5125531882956665e-06, -1.27575849225181e-07, 1.917652035072431e-09, -0.3773506764938939, 0.2190390208147608, -0.04780328902409635, 0.007235210840918719, -0.0002852556671338643, -6.554145515462725e-05, 8.172874436644046e-06, -2.6556687962070545e-07], [-0.00011511740704739975, 0.0033886463636675925, -0.0005873178716343124, -4.412791427770442e-05, 2.559905910610895e-05, -3.2709223979472125e-06, 1.7391612325460498e-07, -2.7088688844361675e-09, -0.048003916758653516, -0.04780328902409635, 0.033252156711526405, -0.007139907620153199, 0.0004539525180045324, 4.546849689272241e-05, -7.6145756832496264e-06, 2.866916520530773e-07], [-0.00027787619362278966, -0.0007242243565110504, 0.0003638626555690781, -4.904953605590196e-05, -2.896010793543952e-06, 1.2616272531408889e-06, -1.0339530705943757e-07, 2.5400370902267462e-09, 0.0012937601578452687, 0.007235210840918719, -0.007139907620153199, 0.002027696899285461, -0.0001885357050179504, -9.195053597297872e-06, 2.603270670624243e-06, -1.1958667574947586e-07], [-1.1899645479344392e-06, 6.682806502695475e-05, -5.5514572090886156e-05, 1.3467166343531114e-05, -6.376814494202911e-07, -1.6922174694500658e-07, 2.3199896763349122e-08, -8.372764782124723e-10, 0.00021153254033662533, -0.0002852556671338643, 0.0004539525180045324, -0.0001885357050179504, 2.542096581568582e-05, 3.210027824262163e-07, -3.113401449371735e-07, 1.735310408656962e-08], [1.7814026691699127e-06, -7.394606816653945e-07, 1.8204293620906363e-06, -9.350169730454515e-07, 1.3989128732375156e-07, -1.971040966996066e-10, -1.4584233979798962e-09, 8.4638317855559e-11, 4.347172750178213e-06, -6.554145515462725e-05, 4.546849689272241e-05, -9.195053597297872e-06, 3.210027824262163e-07, 8.430665563613957e-08, -7.574976705175463e-09, 1.1002441414619537e-10], [4.098034904055052e-09, -3.2914959505071797e-07, 2.407885635646105e-07, -3.1234397240412115e-08, -6.82033406403585e-09, 1.6830628188061099e-09, -9.669890154855077e-11, 4.230115025472728e-13, -1.045968227819995e-06, 8.172874436644046e-06, -7.6145756832496264e-06, 2.603270670624243e-06, -3.113401449371735e-07, -7.574976705175463e-09, 4.062343423297964e-09, -2.1393342046858294e-10], [-7.446352684633882e-09, 1.830889044961704e-08, -1.602764549377646e-08, 4.082210818047442e-09, -2.367863088077861e-11, -9.431923785870529e-11, 1.0175852856818346e-11, -3.013367649253366e-13, -1.2588894450942278e-08, -2.6556687962070545e-07, 2.866916520530773e-07, -1.1958667574947586e-07, 1.735310408656962e-08, 1.1002441414619537e-10, -2.1393342046858294e-10, 1.2513143457388824e-11]]], "B_list": [{"B_diag": [5.301654659366469], "B_by_diag": [-0.057001818823348004]}, {"B_diag": [0.20950079637298136], "B_by_diag": [0.0003826427751749511]}, {"B_diag": [0.027513225292298556], "B_by_diag": [0.0004044845683379866]}, {"B_diag": [0.006008424473713498], "B_by_diag": [9.95545969639061e-06]}, {"B_diag": [0.0017012883096898079], "B_by_diag": [-2.0744212701615493e-05]}, {"B_diag": [0.0005978008267609166], "B_by_diag": [-9.160850642722392e-06]}, {"B_diag": [0.00026801621570177707], "B_by_diag": [-3.1622362191053025e-06]}, {"B_diag": [0.00024605147010520705], "B_by_diag": [-5.583515112442408e-06]}], "bic_scores": [385.0313833737257, 150.59331069175528, 20.409020272716628, -60.93967801009403, -110.6515846064932, -134.56939290902108, -123.42636054761675, -67.6364781294289], "best_bic": -134.56939290902108, "best_bic_A": [[41.50910853189071, -0.3055329845078395, -0.030507025852663964, -0.0006523829241335588, 0.000364136112861789, -1.5774619556617268e-05, -1.5759304329296844, 0.03693870318907682, 3.895856172568199e-05, -0.00034315882577322376, 1.1554429512565154e-05, 7.378180522137613e-07], [-0.3055329845078395, 0.25651544459455156, -0.0657596510711021, 0.010173984038078294, -0.0007539838785192544, 2.0129398833492785e-05, -0.048073229193928, -0.0003341228640398082, 0.003379271581682667, -0.0007659357083770373, 7.6867681374724e-05, -3.0493720860570313e-06], [-0.030507025852663964, -0.0657596510711021, 0.03777416795998941, -0.007667318277991508, 0.0006857969043381239, -2.276195490029061e-05, 0.000889234532138117, -0.0028234374597639793, -3.3060871503077724e-05, 0.00021058644648788856, -3.526153804793306e-05, 1.7720175089702234e-06], [-0.0006523829241335588, 0.010173984038078294, -0.007667318277991508, 0.0019254496033261005, -0.000203790235825413, 7.841454775876964e-06, -0.00021706035290046464, 0.0007293767082943805, -0.00023651914673651988, 5.657419081599288e-06, 3.893532168117697e-06, -3.0664425345432504e-07], [0.000364136112861789, -0.0007539838785192544, 0.0006857969043381239, -0.000203790235825413, 2.437461357325936e-05, -1.0294518956569756e-06, 5.418048327637045e-05, -8.386671482569991e-05, 4.178094141308106e-05, -5.48049602885113e-06, 7.960281914582626e-08, 1.6223924442768092e-08], [-1.5774619556617268e-05, 2.0129398833492785e-05, -2.276195490029061e-05, 7.841454775876964e-06, -1.0294518956569756e-06, 4.636221373998683e-08, -3.2442425041519173e-06, 3.63019128994444e-06, -2.1242598075186333e-06, 3.71191202778421e-07, -2.066889820514383e-08, 1.1516735901005666e-11], [-1.5759304329296844, -0.048073229193928, 0.000889234532138117, -0.00021706035290046464, 5.418048327637045e-05, -3.2442425041519173e-06, 40.064702540792965, -0.41948151557190044, -0.0344684551806097, -0.0006238853274397466, 0.0003979759031291462, -1.5965757911019372e-05], [0.03693870318907682, -0.0003341228640398082, -0.0028234374597639793, 0.0007293767082943805, -8.386671482569991e-05, 3.63019128994444e-06, -0.41948151557190044, 0.2827170256213411, -0.07186380796089901, 0.011240249699527513, -0.0008509583711091925, 2.3404749965640888e-05], [3.895856172568199e-05, 0.003379271581682667, -3.3060871503077724e-05, -0.00023651914673651988, 4.178094141308106e-05, -2.1242598075186333e-06, -0.0344684551806097, -0.07186380796089901, 0.041316821906083566, -0.008421815693140771, 0.0007579273909759572, -2.532408903023566e-05], [-0.00034315882577322376, -0.0007659357083770373, 0.00021058644648788856, 5.657419081599288e-06, -5.48049602885113e-06, 3.71191202778421e-07, -0.0006238853274397466, 0.011240249699527513, -0.008421815693140771, 0.0021143147684300314, -0.00022385851940598026, 8.618785456593876e-06], [1.1554429512565154e-05, 7.6867681374724e-05, -3.526153804793306e-05, 3.893532168117697e-06, 7.960281914582626e-08, -2.066889820514383e-08, 0.0003979759031291462, -0.0008509583711091925, 0.0007579273909759572, -0.00022385851940598026, 2.6678123779275747e-05, -1.1244568270684777e-06], [7.378180522137613e-07, -3.0493720860570313e-06, 1.7720175089702234e-06, -3.0664425345432504e-07, 1.6223924442768092e-08, 1.1516735901005666e-11, -1.5965757911019372e-05, 2.3404749965640888e-05, -2.532408903023566e-05, 8.618785456593876e-06, -1.1244568270684777e-06, 5.0479617733596865e-08]], "best_bic_B": {"B_diag": [0.0005978008267609166], "B_by_diag": [-9.160850642722392e-06]}, "best_bic_deg": 6, "best_bic_deg_idx": 5, "aic_scores": [379.04526048704463, 136.22661576372064, -7.127145006016423, -106.43421194887037, -178.89338551465772, -230.34735909591865, -251.52939032259223, -232.8534698018272], "best_aic": -251.52939032259223, "best_aic_A": [[41.45224658033909, -0.2739422856975567, -0.041013355802251086, 0.0005768028917299205, 0.000260812928290991, 1.0065089964490513e-08, -1.1005038572871808e-06, -1.5151931591995693, 0.03365035762900795, 0.0005090213383779213, -0.0005247602821026355, 2.668486904597474e-05, 1.5314246014455718e-06, -1.0811934433777941e-07], [-0.2739422856975567, 0.1998482031347372, -0.04334355070247377, 0.006736120479434022, -0.00047163700278004514, -2.9616309925544804e-06, 1.3196182912566578e-06, -0.045522571530334524, 0.0008149369398427874, 0.0017826102354598621, -0.00021230085799662027, 1.118873772160554e-05, -1.1882347294128127e-06, 8.353462605280744e-08], [-0.041013355802251086, -0.04334355070247377, 0.0283199939876868, -0.006123315639785497, 0.0005510166053082652, -1.2540012501646191e-05, -5.272053693474199e-07, -0.0012451763820067244, -0.0029187365512662574, 0.0006793393450398311, -8.189168649356995e-05, 3.860881551278109e-06, 2.499628795548147e-07, -2.6320503373949133e-08], [0.0005768028917299205, 0.006736120479434022, -0.006123315639785497, 0.0017738570254156323, -0.00022715004161873362, 1.2676928098040366e-05, -2.1957621349810128e-07, 0.000395464842633442, 0.000668537661899072, -0.0004097478473135559, 9.54299016081564e-05, -1.0634089243916788e-05, 5.467324726571815e-07, -9.233823376773013e-09], [0.000260812928290991, -0.00047163700278004514, 0.0005510166053082652, -0.00022715004161873362, 4.175674360274671e-05, -3.5761638250952994e-06, 1.1683116321537045e-07, -1.1622893664251087e-06, -8.466989913660474e-05, 7.475399646040392e-05, -2.360968976231832e-05, 3.418236481037639e-06, -2.3162080835303285e-07, 5.854526627948731e-09], [1.0065089964490513e-08, -2.9616309925544804e-06, -1.2540012501646191e-05, 1.2676928098040366e-05, -3.5761638250952994e-06, 4.0571295729384624e-07, -1.6384153571487454e-08, -3.193299439861143e-06, 6.132810189136749e-06, -6.0855804572557645e-06, 2.380803758888755e-06, -4.0823001981987687e-07, 3.175516461199018e-08, -9.118307396220081e-10], [-1.1005038572871808e-06, 1.3196182912566578e-06, -5.272053693474199e-07, -2.1957621349810128e-07, 1.1683116321537045e-07, -1.6384153571487454e-08, 7.420708433511929e-10, 1.7494985718957537e-07, -1.9836745218073498e-07, 1.9078722145253842e-07, -8.764105898507614e-08, 1.6977177946972986e-08, -1.445849101959838e-09, 4.4761198396290834e-11], [-1.5151931591995693, -0.045522571530334524, -0.0012451763820067244, 0.000395464842633442, -1.1622893664251087e-06, -3.193299439861143e-06, 1.7494985718957537e-07, 40.1367957540352, -0.3756956172568122, -0.04843888871140961, 0.0014122381030314407, 0.00017511881180479368, 1.07990988141374e-05, -1.5732858639824842e-06], [0.03365035762900795, 0.0008149369398427874, -0.0029187365512662574, 0.000668537661899072, -8.466989913660474e-05, 6.132810189136749e-06, -1.9836745218073498e-07, -0.3756956172568122, 0.22437795121289372, -0.04901145702347498, 0.007969244823606232, -0.0006148477976727382, 3.872460958222859e-06, 1.2543219515227287e-06], [0.0005090213383779213, 0.0017826102354598621, 0.0006793393450398311, -0.0004097478473135559, 7.475399646040392e-05, -6.0855804572557645e-06, 1.9078722145253842e-07, -0.04843888871140961, -0.04901145702347498, 0.032441979154767264, -0.0072014263941736455, 0.0006832453669068322, -1.9734081047783537e-05, -4.0521373652467996e-07], [-0.0005247602821026355, -0.00021230085799662027, -8.189168649356995e-05, 9.54299016081564e-05, -2.360968976231832e-05, 2.380803758888755e-06, -8.764105898507614e-08, 0.0014122381030314407, 0.007969244823606232, -0.0072014263941736455, 0.0020962873691899825, -0.0002712667920617464, 1.5438401307239047e-05, -2.813154774867247e-07], [2.668486904597474e-05, 1.118873772160554e-05, 3.860881551278109e-06, -1.0634089243916788e-05, 3.418236481037639e-06, -4.0823001981987687e-07, 1.6977177946972986e-08, 0.00017511881180479368, -0.0006148477976727382, 0.0006832453669068322, -0.0002712667920617464, 4.85994542717675e-05, -4.078105998596209e-06, 1.3092638751532928e-07], [1.5314246014455718e-06, -1.1882347294128127e-06, 2.499628795548147e-07, 5.467324726571815e-07, -2.3162080835303285e-07, 3.175516461199018e-08, -1.445849101959838e-09, 1.07990988141374e-05, 3.872460958222859e-06, -1.9734081047783537e-05, 1.5438401307239047e-05, -4.078105998596209e-06, 4.493969839946001e-07, -1.7858366196768855e-08], [-1.0811934433777941e-07, 8.353462605280744e-08, -2.6320503373949133e-08, -9.233823376773013e-09, 5.854526627948731e-09, -9.118307396220081e-10, 4.4761198396290834e-11, -1.5732858639824842e-06, 1.2543219515227287e-06, -4.0521373652467996e-07, -2.813154774867247e-07, 1.3092638751532928e-07, -1.7858366196768855e-08, 7.99823854687055e-10]], "best_aic_B": {"B_diag": [0.00026801621570177707], "B_by_diag": [-3.1622362191053025e-06]}, "best_aic_deg": 7, "best_aic_deg_idx": 6, "lr": 0.005, "optimizer": null, "epochs": 120, "best_epochs": [105, 92, 113, 90, 117, 119, 119, 119], "batch_size": 1024}