{"degree": [1, 2, 3, 4, 5, 6, 7, 8], "losses": [22.116006564594855, -110.15689370051285, -191.76087724600654, -244.2907885712307, -276.3872586314548, -292.63236288341784, -294.80890993533677, -295.6010083123841], "A_list": [[[0.942413411882232, -0.00523760557669284], [-0.00523760557669284, 0.9736327067707924]], [[1.0122797842277473, -0.015990355856613826, -0.00781458453361553, 0.0016028175815289854], [-0.015990355856613826, 0.0037687765402918552, -0.001230587063282038, -3.399468651887599e-05], [-0.00781458453361553, -0.001230587063282038, 1.0432245274066545, -0.016510435651683242], [0.0016028175815289854, -3.399468651887599e-05, -0.016510435651683242, 0.003968468448441779]], [[0.9910607208989849, -0.0219486036680405, 0.0005504959441268093, -0.008300887887349687, 0.0023572766790062984, -7.523477574519846e-05], [-0.0219486036680405, 0.016493613568288656, -0.0014727972636749624, -0.001157113867446106, -0.00010102479518210317, 1.0085459340641887e-05], [0.0005504959441268093, -0.0014727972636749624, 0.00017031796650745495, 2.025612089464759e-05, -3.997363963773167e-06, -4.683210579126441e-07], [-0.008300887887349687, -0.001157113867446106, 2.025612089464759e-05, 1.0167911541534569, -0.02122013314145445, 0.00040139787215486813], [0.0023572766790062984, -0.00010102479518210317, -3.997363963773167e-06, -0.02122013314145445, 0.0172640559381533, -0.0015383706225597404], [-7.523477574519846e-05, 1.0085459340641887e-05, -4.683210579126441e-07, 0.00040139787215486813, -0.0015383706225597404, 0.000176941158686271]], [[0.9743379382666917, -0.022919613079411687, 0.0016611122898949591, -8.290551040896564e-05, -0.007279707075765881, 0.0014007691474939134, 0.00019791693531799858, -1.8118289010656192e-05], [-0.022919613079411687, 0.03567720324682758, -0.007880777064349715, 0.000545222667502071, -0.0012107511960384187, -0.0002154206428989413, 7.064877458163385e-05, -5.884307555453263e-06], [0.0016611122898949591, -0.007880777064349715, 0.0022774195622802785, -0.00018002473273372315, 4.948068130170414e-05, 4.787903300693803e-05, -2.1836484181993875e-05, 2.02361236992217e-06], [-8.290551040896564e-05, 0.000545222667502071, -0.00018002473273372315, 1.5355571600663535e-05, -2.4663469531623355e-06, -2.189374617669261e-06, 1.1009616303413088e-06, -1.2012133098217348e-07], [-0.007279707075765881, -0.0012107511960384187, 4.948068130170414e-05, -2.4663469531623355e-06, 0.9989380821451909, -0.021904840561940194, 0.001532139956479349, -7.552816291463102e-05], [0.0014007691474939134, -0.0002154206428989413, 4.787903300693803e-05, -2.189374617669261e-06, -0.021904840561940194, 0.03681961994111998, -0.008074616922083945, 0.0005589699194377221], [0.00019791693531799858, 7.064877458163385e-05, -2.1836484181993875e-05, 1.1009616303413088e-06, 0.001532139956479349, -0.008074616922083945, 0.0023279484009171153, -0.0001845643061121582], [-1.8118289010656192e-05, -5.884307555453263e-06, 2.02361236992217e-06, -1.2012133098217348e-07, -7.552816291463102e-05, 0.0005589699194377221, -0.0001845643061121582, 1.5805749698266858e-05]], [[0.964708472735269, -0.021235492462640743, 0.003571266570658092, -0.0005955398345850843, 3.2104701825524044e-05, -0.00624828480117483, 0.0003289679570140741, 0.0005855591557740483, -0.00010436447601828336, 6.2362627009235206e-06], [-0.021235492462640743, 0.05176825211894069, -0.019851058500758745, 0.003133830384374456, -0.00017632180443573703, -0.002214535712234374, -0.0006645331270985624, 0.0003191475733539188, -4.949422210443372e-05, 2.4626381504835546e-06], [0.003571266570658092, -0.019851058500758745, 0.010169178784546788, -0.0018553773053711612, 0.00011465457093336928, 0.00032503695589196444, 0.00037872941695101247, -0.00020357846207748863, 3.549416689632175e-05, -2.0375350498298652e-06], [-0.0005955398345850843, 0.003133830384374456, -0.0018553773053711612, 0.00036960934199785003, -2.4249759709503417e-05, -5.412313752263251e-05, -7.464250910538786e-05, 4.0765877240145746e-05, -7.426701926474702e-06, 4.5475553983666944e-07], [3.2104701825524044e-05, -0.00017632180443573703, 0.00011465457093336928, -2.4249759709503417e-05, 1.658594802116425e-06, 3.2347351175897924e-06, 4.854539219658855e-06, -2.6747480469302853e-06, 4.878564162650433e-07, -3.035871527663491e-08], [-0.00624828480117483, -0.002214535712234374, 0.00032503695589196444, -5.412313752263251e-05, 3.2347351175897924e-06, 0.9898335287275127, -0.021134025085055835, 0.0039915728870847655, -0.0007014534748913307, 4.0811295745674565e-05], [0.0003289679570140741, -0.0006645331270985624, 0.00037872941695101247, -7.464250910538786e-05, 4.854539219658855e-06, -0.021134025085055835, 0.05344655243982209, -0.020485728828696165, 0.003239100298366875, -0.0001819405434861066], [0.0005855591557740483, 0.0003191475733539188, -0.00020357846207748863, 4.0765877240145746e-05, -2.6747480469302853e-06, 0.0039915728870847655, -0.020485728828696165, 0.010502992445729789, -0.001916622863905865, 0.00011827072251732638], [-0.00010436447601828336, -4.949422210443372e-05, 3.549416689632175e-05, -7.426701926474702e-06, 4.878564162650433e-07, -0.0007014534748913307, 0.003239100298366875, -0.001916622863905865, 0.0003814340809990252, -2.498970967463029e-05], [6.2362627009235206e-06, 2.4626381504835546e-06, -2.0375350498298652e-06, 4.5475553983666944e-07, -3.035871527663491e-08, 4.0811295745674565e-05, -0.0001819405434861066, 0.00011827072251732638, -2.498970967463029e-05, 1.7074249949238787e-06]], [[0.9583675482679964, -0.014199920401965048, 0.0015491554247323435, -0.0004018514428669991, 2.8086006389199047e-05, 3.484125921200091e-07, -0.006514529879858197, 0.0002684618913412318, 0.0006266521125531456, -0.00011570998450568412, 7.959026029842062e-06, 2.1502792770762493e-09], [-0.014199920401965048, 0.044731985492115156, -0.01855040051553954, 0.0033523254797782, -0.0002470120412001247, 4.27059472148183e-06, -0.0014748422373871512, -3.839589525494507e-05, -2.795207512012992e-05, 2.44043617047404e-05, -3.6349416413723687e-06, 1.0000799313019744e-07], [0.0015491554247323435, -0.01855040051553954, 0.011500735881981729, -0.002794929185069512, 0.0002996190854991977, -1.1687175893551494e-05, -2.5872967846953876e-05, -1.38362163263924e-06, 2.607574602492085e-05, -1.8630687374641523e-05, 3.3597823915907565e-06, -1.67020729740606e-07], [-0.0004018514428669991, 0.0033523254797782, -0.002794929185069512, 0.0008741189038010066, -0.00011935265375988212, 6.01113310549821e-06, 5.5584363022974096e-05, 1.6896816300616314e-05, -1.6110282610826807e-05, 7.005348035869154e-06, -1.1822191751013054e-06, 6.346503563755762e-08], [2.8086006389199047e-05, -0.0002470120412001247, 0.0002996190854991977, -0.00011935265375988212, 1.9398193397524157e-05, -1.1186193026915756e-06, -1.2753430750818423e-05, -4.4529623691253555e-06, 3.1659018285361396e-06, -1.1119802494473447e-06, 1.73937463148127e-07, -9.245488109745823e-09], [3.484125921200091e-07, 4.27059472148183e-06, -1.1687175893551494e-05, 6.01113310549821e-06, -1.1186193026915756e-06, 7.035398714319328e-08, 9.280048666250103e-07, 3.5164321925335753e-07, -2.090185015147008e-07, 6.285607630307411e-08, -9.235325748625775e-09, 4.860750946696384e-10], [-0.006514529879858197, -0.0014748422373871512, -2.5872967846953876e-05, 5.5584363022974096e-05, -1.2753430750818423e-05, 9.280048666250103e-07, 0.9834144642814256, -0.01447708599797954, 0.0022863226627700514, -0.0006356765807694092, 5.38099012329271e-05, -4.632725786015627e-07], [0.0002684618913412318, -3.839589525494507e-05, -1.38362163263924e-06, 1.6896816300616314e-05, -4.4529623691253555e-06, 3.5164321925335753e-07, -0.01447708599797954, 0.04623087630641839, -0.019030915121871966, 0.0034040016834217582, -0.00024374174865794356, 3.669481124042671e-06], [0.0006266521125531456, -2.795207512012992e-05, 2.607574602492085e-05, -1.6110282610826807e-05, 3.1659018285361396e-06, -2.090185015147008e-07, 0.0022863226627700514, -0.019030915121871966, 0.011666947111581706, -0.002806648032495818, 0.0002964232666898057, -1.1313897111617484e-05], [-0.00011570998450568412, 2.44043617047404e-05, -1.8630687374641523e-05, 7.005348035869154e-06, -1.1119802494473447e-06, 6.285607630307411e-08, -0.0006356765807694092, 0.0034040016834217582, -0.002806648032495818, 0.0008750422377318737, -0.00011905829356347181, 5.974952666442827e-06], [7.959026029842062e-06, -3.6349416413723687e-06, 3.3597823915907565e-06, -1.1822191751013054e-06, 1.73937463148127e-07, -9.235325748625775e-09, 5.38099012329271e-05, -0.00024374174865794356, 0.0002964232666898057, -0.00011905829356347181, 1.9432863340934743e-05, -1.1232881643210924e-06], [2.1502792770762493e-09, 1.0000799313019744e-07, -1.67020729740606e-07, 6.346503563755762e-08, -9.245488109745823e-09, 4.860750946696384e-10, -4.632725786015627e-07, 3.669481124042671e-06, -1.1313897111617484e-05, 5.974952666442827e-06, -1.1232881643210924e-06, 7.09956564177838e-08]], [[0.9603427325249001, -0.014402454885619559, 0.0016868638312632213, -0.00032724114262078067, -2.9736672443988118e-05, 1.2515699285005741e-05, -8.088282748021803e-07, -0.006699770766704296, 0.0004580767455884106, 0.00035548222463566376, -1.614349605932687e-05, -1.4940258837348505e-05, 2.2681515676052282e-06, -1.1089438299126439e-07], [-0.014402454885619559, 0.04488871540285529, -0.01843853427865946, 0.0027605651160035856, 7.169199900210519e-05, -5.613871443082634e-05, 3.852982791790919e-06, -0.0017207847555451303, -0.0005174032706596474, 0.0002939661890847047, -5.0583603178025613e-05, -3.437855489577545e-07, 8.822181760306301e-07, -7.90409698095826e-08], [0.0016868638312632213, -0.01843853427865946, 0.01117093679566265, -0.0021747029270642914, 3.385284795134248e-06, 4.1838473524365e-05, -3.324146173250676e-06, 7.507770653938544e-05, 0.0002827158820394934, -0.00018320030578447495, 2.8774048662435005e-05, 2.5941041914896947e-06, -1.0481076381503447e-06, 7.743519376429817e-08], [-0.00032724114262078067, 0.0027605651160035856, -0.0021747029270642914, 0.000519064520263376, -1.1757646551012159e-05, -9.748141950889445e-06, 8.764373170812374e-07, 3.042163082757835e-05, -5.500980580439376e-05, 3.755226642573727e-05, -5.375406098257755e-06, -9.779504090379352e-07, 3.0811869731155314e-07, -2.1021073783889454e-08], [-2.9736672443988118e-05, 7.169199900210519e-05, 3.385284795134248e-06, -1.1757646551012159e-05, 1.5230097782368797e-06, 1.8200997716492533e-07, -2.9228253552828332e-08, -5.525973301207635e-06, 1.1650508103448427e-06, -6.31821181635828e-07, -5.757078957372511e-08, 8.284259650272256e-08, -1.4781465829913071e-08, 6.779503305359993e-10], [1.2515699285005741e-05, -5.613871443082634e-05, 4.1838473524365e-05, -9.748141950889445e-06, 1.8200997716492533e-07, 1.8664348911301395e-07, -1.63678725642492e-08, -3.4671047189912804e-07, 6.277541453784735e-07, -5.349381466885758e-07, 9.58335221391412e-08, 1.0551188208972473e-08, -4.78337663889898e-09, 3.8492151567175185e-10], [-8.088282748021803e-07, 3.852982791790919e-06, -3.324146173250676e-06, 8.764373170812374e-07, -2.9228253552828332e-08, -1.63678725642492e-08, 1.5691024452831517e-09, 8.507512623992256e-08, -4.341228113875024e-08, 4.3633533813553724e-08, -7.318183845464066e-09, -1.4127528290521663e-09, 5.106617614986036e-10, -3.8244061911119295e-11], [-0.006699770766704296, -0.0017207847555451303, 7.507770653938544e-05, 3.042163082757835e-05, -5.525973301207635e-06, -3.4671047189912804e-07, 8.507512623992256e-08, 0.9835101548629918, -0.014111412972896508, 0.002013841264309608, -0.0004013808316100553, -4.1312273626751886e-05, 1.6127225552634526e-05, -1.014253857954117e-06], [0.0004580767455884106, -0.0005174032706596474, 0.0002827158820394934, -5.500980580439376e-05, 1.1650508103448427e-06, 6.277541453784735e-07, -4.341228113875024e-08, -0.014111412972896508, 0.04580038726007712, -0.018760102638357937, 0.0027897399233523675, 8.213185731657006e-05, -5.8564445623325706e-05, 4.002069358777643e-06], [0.00035548222463566376, 0.0002939661890847047, -0.00018320030578447495, 3.755226642573727e-05, -6.31821181635828e-07, -5.349381466885758e-07, 4.3633533813553724e-08, 0.002013841264309608, -0.018760102638357937, 0.011378304697827451, -0.00221327923827077, 1.8116950085010122e-06, 4.2868944875682535e-05, -3.3969647013661363e-06], [-1.614349605932687e-05, -5.0583603178025613e-05, 2.8774048662435005e-05, -5.375406098257755e-06, -5.757078957372511e-08, 9.58335221391412e-08, -7.318183845464066e-09, -0.0004013808316100553, 0.0027897399233523675, -0.00221327923827077, 0.0005309492882720311, -1.2312291160840714e-05, -9.936742478388267e-06, 8.951005458512617e-07], [-1.4940258837348505e-05, -3.437855489577545e-07, 2.5941041914896947e-06, -9.779504090379352e-07, 8.284259650272256e-08, 1.0551188208972473e-08, -1.4127528290521663e-09, -4.1312273626751886e-05, 8.213185731657006e-05, 1.8116950085010122e-06, -1.2312291160840714e-05, 1.6480182899297183e-06, 1.8200790361955647e-07, -3.014256039901404e-08], [2.2681515676052282e-06, 8.822181760306301e-07, -1.0481076381503447e-06, 3.0811869731155314e-07, -1.4781465829913071e-08, -4.78337663889898e-09, 5.106617614986036e-10, 1.6127225552634526e-05, -5.8564445623325706e-05, 4.2868944875682535e-05, -9.936742478388267e-06, 1.8200790361955647e-07, 1.9031689148527131e-07, -1.6655969634370738e-08], [-1.1089438299126439e-07, -7.90409698095826e-08, 7.743519376429817e-08, -2.1021073783889454e-08, 6.779503305359993e-10, 3.8492151567175185e-10, -3.8244061911119295e-11, -1.014253857954117e-06, 4.002069358777643e-06, -3.3969647013661363e-06, 8.951005458512617e-07, -3.014256039901404e-08, -1.6655969634370738e-08, 1.5991185745319544e-09]], [[0.95850758654523, -0.010774198574998731, -0.00014438725911527305, 0.00011691646020188532, -6.887401808523744e-05, 2.686377404632895e-06, 2.235525710599805e-06, -2.2790232663100253e-07, -0.007208983113713684, 0.0007128227791694233, 0.0003406679804940289, -2.8728174459877463e-05, -5.3050510120426794e-06, -5.48903034024276e-07, 3.821705733612534e-07, -2.9305224651444105e-08], [-0.010774198574998731, 0.03766122318205316, -0.014245502236455964, 0.0015128316859298512, 0.0002012331113710252, -2.5069976483969598e-05, -5.6568372871176826e-06, 6.855702825651054e-07, -0.0014323413715129345, -3.7032522024212533e-05, -2.273837312042666e-06, 9.69661852896548e-06, -1.6482459741031924e-06, 1.3641891896091698e-08, 2.0601788089034846e-08, -2.7913332248436934e-09], [-0.00014438725911527305, -0.014245502236455964, 0.008387979167466432, -0.0013079764178888632, -7.732742846798032e-05, 1.9385923472931833e-05, 2.7837178504570826e-06, -4.129404831679291e-07, -0.0001568855524955224, 4.332518203897842e-05, -2.805005648822033e-05, 6.124548986933789e-06, -1.1225939129691584e-06, 1.7995600970893376e-07, -1.9054654530953795e-08, 1.3183256996735947e-09], [0.00011691646020188532, 0.0015128316859298512, -0.0013079764178888632, 0.00028332062372476573, 1.8857095912505072e-06, -3.988004031500945e-06, -2.8666562047748963e-07, 6.587276306566713e-08, 8.526530658226918e-05, -2.371232286170466e-05, 1.5584674353594584e-05, -4.0271714166051295e-06, 2.808471723345719e-07, 1.7513461505127162e-08, 3.4101781944749395e-10, -3.609585444840026e-10], [-6.887401808523744e-05, 0.0002012331113710252, -7.732742846798032e-05, 1.8857095912505072e-06, 2.4297829413226525e-06, -7.092764276459651e-08, -5.655940079725691e-08, 4.628425852481899e-09, -1.598255274690051e-05, 4.6247964404168935e-06, -3.1808776387685734e-06, 8.013160049046063e-07, -4.3340427290741525e-09, -1.5299669005671384e-08, 4.1590372407023253e-10, 9.232841383945627e-11], [2.686377404632895e-06, -2.5069976483969598e-05, 1.9385923472931833e-05, -3.988004031500945e-06, -7.092764276459651e-08, 5.7936411734688524e-08, 5.2085811879165996e-09, -1.0354254583900005e-09, 5.955206476261883e-07, -3.135997681188642e-07, 1.4188892547612765e-07, -1.522247590487565e-08, -5.212538905885619e-09, 7.391718242193877e-10, 9.52980973579143e-11, -1.3120737188286835e-11], [2.235525710599805e-06, -5.6568372871176826e-06, 2.7837178504570826e-06, -2.8666562047748963e-07, -5.655940079725691e-08, 5.2085811879165996e-09, 1.5630193463463964e-09, -1.672212624078357e-10, 1.3497120664516803e-07, -4.2262828384304484e-08, 4.9269202067135965e-08, -1.4324592723140762e-08, 2.2060250139684684e-10, 3.048326766051503e-10, -1.495643819195422e-11, -1.2584605472694992e-12], [-2.2790232663100253e-07, 6.855702825651054e-07, -4.129404831679291e-07, 6.587276306566713e-08, 4.628425852481899e-09, -1.0354254583900005e-09, -1.672212624078357e-10, 2.3612082912727214e-11, -1.0945163135350935e-08, 5.401633829792756e-09, -4.888024596015994e-09, 1.229387655500035e-09, 1.4876671837509406e-11, -2.8006854722012823e-11, 2.954868625069443e-13, 2.0680852294412679e-13], [-0.007208983113713684, -0.0014323413715129345, -0.0001568855524955224, 8.526530658226918e-05, -1.598255274690051e-05, 5.955206476261883e-07, 1.3497120664516803e-07, -1.0945163135350935e-08, 0.9809402942475172, -0.009752007486734573, -0.0001666079046931606, 0.00010788685129744363, -8.337296891721617e-05, 5.030726966827934e-06, 2.269214615986198e-06, -2.4488270507029386e-07], [0.0007128227791694233, -3.7032522024212533e-05, 4.332518203897842e-05, -2.371232286170466e-05, 4.6247964404168935e-06, -3.135997681188642e-07, -4.2262828384304484e-08, 5.401633829792756e-09, -0.009752007486734573, 0.038425520093897846, -0.014640663947971422, 0.0015759230956498005, 0.0002066313769089119, -2.616120580746528e-05, -5.8779570343646105e-06, 7.178314239749399e-07], [0.0003406679804940289, -2.273837312042666e-06, -2.805005648822033e-05, 1.5584674353594584e-05, -3.1808776387685734e-06, 1.4188892547612765e-07, 4.9269202067135965e-08, -4.888024596015994e-09, -0.0001666079046931606, -0.014640663947971422, 0.008692029342051539, -0.0013713477267009728, -7.708006650466496e-05, 2.0030482126319905e-05, 2.8629077639039354e-06, -4.27180564251564e-07], [-2.8728174459877463e-05, 9.69661852896548e-06, 6.124548986933789e-06, -4.0271714166051295e-06, 8.013160049046063e-07, -1.522247590487565e-08, -1.4324592723140762e-08, 1.229387655500035e-09, 0.00010788685129744363, 0.0015759230956498005, -0.0013713477267009728, 0.00030200549225024024, 5.450258057819593e-07, -4.122357594972426e-06, -2.787432203926536e-07, 6.700773990496319e-08], [-5.3050510120426794e-06, -1.6482459741031924e-06, -1.1225939129691584e-06, 2.808471723345719e-07, -4.3340427290741525e-09, -5.212538905885619e-09, 2.2060250139684684e-10, 1.4876671837509406e-11, -8.337296891721617e-05, 0.0002066313769089119, -7.708006650466496e-05, 5.450258057819593e-07, 2.7134036635190893e-06, -6.810256656665286e-08, -6.16504872157118e-08, 4.95136794883002e-09], [-5.48903034024276e-07, 1.3641891896091698e-08, 1.7995600970893376e-07, 1.7513461505127162e-08, -1.5299669005671384e-08, 7.391718242193877e-10, 3.048326766051503e-10, -2.8006854722012823e-11, 5.030726966827934e-06, -2.616120580746528e-05, 2.0030482126319905e-05, -4.122357594972426e-06, -6.810256656665286e-08, 5.8729942085419135e-08, 5.3539471312369935e-09, -1.0564326325436749e-09], [3.821705733612534e-07, 2.0601788089034846e-08, -1.9054654530953795e-08, 3.4101781944749395e-10, 4.1590372407023253e-10, 9.52980973579143e-11, -1.495643819195422e-11, 2.954868625069443e-13, 2.269214615986198e-06, -5.8779570343646105e-06, 2.8629077639039354e-06, -2.787432203926536e-07, -6.16504872157118e-08, 5.3539471312369935e-09, 1.676974082935984e-09, -1.773186803955446e-10], [-2.9305224651444105e-08, -2.7913332248436934e-09, 1.3183256996735947e-09, -3.609585444840026e-10, 9.232841383945627e-11, -1.3120737188286835e-11, -1.2584605472694992e-12, 2.0680852294412679e-13, -2.4488270507029386e-07, 7.178314239749399e-07, -4.27180564251564e-07, 6.700773990496319e-08, 4.95136794883002e-09, -1.0564326325436749e-09, -1.773186803955446e-10, 2.4646403524053163e-11]]], "B_list": [{"B_d": [[9.987922975371224e-06], [3.820394107451383e-07], [3.979439575670221e-08]], "B_theta": [4.65735172370972e-08], "B_const": [0.07246172521797557]}, {"B_d": [[2.3996074126309747e-08], [6.4898817315526614e-09], [6.71277044624975e-09]], "B_theta": [6.5097563884529765e-09], "B_const": [0.007214559657710259]}, {"B_d": [[1.1157934946482649e-07], [5.282249228160531e-09], [1.9766420023552166e-09]], "B_theta": [2.5035767331557055e-09], "B_const": [0.0016483455304254963]}, {"B_d": [[5.5862680310078366e-08], [1.3350214719196463e-08], [7.871755325131181e-10]], "B_theta": [9.696429102823621e-10], "B_const": [0.0006216301652099828]}, {"B_d": [[1.6712877284385144e-08], [2.0467588289474086e-09], [9.588399012048838e-10]], "B_theta": [8.201850473538485e-10], "B_const": [0.0003290705572505607]}, {"B_d": [[1.1856493776972217e-08], [1.106633646432438e-09], [1.1965617627714054e-09]], "B_theta": [6.866206733419254e-10], "B_const": [0.00022495498815055653]}, {"B_d": [[2.5698904747176015e-08], [2.8929910731713124e-09], [1.0491383351317377e-09]], "B_theta": [6.677777879913317e-10], "B_const": [0.00022211702266819263]}, {"B_d": [[1.7950959962806737e-08], [5.7300990197047855e-09], [1.1153061680433157e-09]], "B_theta": [7.626422633314063e-10], "B_const": [0.00021908978355306827]}], "bic_scores": [38.5595020212881, -79.32533971921302, -138.3195170117535, -160.0178743556778, -153.06104270625548, -122.03109752022542, -68.71084740580466, -5.784400888165692], "best_bic": -160.0178743556778, "best_bic_A": [[0.9743379382666917, -0.022919613079411687, 0.0016611122898949591, -8.290551040896564e-05, -0.007279707075765881, 0.0014007691474939134, 0.00019791693531799858, -1.8118289010656192e-05], [-0.022919613079411687, 0.03567720324682758, -0.007880777064349715, 0.000545222667502071, -0.0012107511960384187, -0.0002154206428989413, 7.064877458163385e-05, -5.884307555453263e-06], [0.0016611122898949591, -0.007880777064349715, 0.0022774195622802785, -0.00018002473273372315, 4.948068130170414e-05, 4.787903300693803e-05, -2.1836484181993875e-05, 2.02361236992217e-06], [-8.290551040896564e-05, 0.000545222667502071, -0.00018002473273372315, 1.5355571600663535e-05, -2.4663469531623355e-06, -2.189374617669261e-06, 1.1009616303413088e-06, -1.2012133098217348e-07], [-0.007279707075765881, -0.0012107511960384187, 4.948068130170414e-05, -2.4663469531623355e-06, 0.9989380821451909, -0.021904840561940194, 0.001532139956479349, -7.552816291463102e-05], [0.0014007691474939134, -0.0002154206428989413, 4.787903300693803e-05, -2.189374617669261e-06, -0.021904840561940194, 0.03681961994111998, -0.008074616922083945, 0.0005589699194377221], [0.00019791693531799858, 7.064877458163385e-05, -2.1836484181993875e-05, 1.1009616303413088e-06, 0.001532139956479349, -0.008074616922083945, 0.0023279484009171153, -0.0001845643061121582], [-1.8118289010656192e-05, -5.884307555453263e-06, 2.02361236992217e-06, -1.2012133098217348e-07, -7.552816291463102e-05, 0.0005589699194377221, -0.0001845643061121582, 1.5805749698266858e-05]], "best_bic_B": {"B_d": [[5.5862680310078366e-08], [1.3350214719196463e-08], [7.871755325131181e-10]], "B_theta": [9.696429102823621e-10], "B_const": [0.0006216301652099828]}, "best_bic_deg": 4, "best_bic_deg_idx": 3, "aic_scores": [30.116006564594855, -95.15689370051285, -165.76087724600654, -203.2907885712307, -216.3872586314548, -209.63236288341784, -184.80890993533677, -154.60100831238412], "best_aic": -216.3872586314548, "best_aic_A": [[0.964708472735269, -0.021235492462640743, 0.003571266570658092, -0.0005955398345850843, 3.2104701825524044e-05, -0.00624828480117483, 0.0003289679570140741, 0.0005855591557740483, -0.00010436447601828336, 6.2362627009235206e-06], [-0.021235492462640743, 0.05176825211894069, -0.019851058500758745, 0.003133830384374456, -0.00017632180443573703, -0.002214535712234374, -0.0006645331270985624, 0.0003191475733539188, -4.949422210443372e-05, 2.4626381504835546e-06], [0.003571266570658092, -0.019851058500758745, 0.010169178784546788, -0.0018553773053711612, 0.00011465457093336928, 0.00032503695589196444, 0.00037872941695101247, -0.00020357846207748863, 3.549416689632175e-05, -2.0375350498298652e-06], [-0.0005955398345850843, 0.003133830384374456, -0.0018553773053711612, 0.00036960934199785003, -2.4249759709503417e-05, -5.412313752263251e-05, -7.464250910538786e-05, 4.0765877240145746e-05, -7.426701926474702e-06, 4.5475553983666944e-07], [3.2104701825524044e-05, -0.00017632180443573703, 0.00011465457093336928, -2.4249759709503417e-05, 1.658594802116425e-06, 3.2347351175897924e-06, 4.854539219658855e-06, -2.6747480469302853e-06, 4.878564162650433e-07, -3.035871527663491e-08], [-0.00624828480117483, -0.002214535712234374, 0.00032503695589196444, -5.412313752263251e-05, 3.2347351175897924e-06, 0.9898335287275127, -0.021134025085055835, 0.0039915728870847655, -0.0007014534748913307, 4.0811295745674565e-05], [0.0003289679570140741, -0.0006645331270985624, 0.00037872941695101247, -7.464250910538786e-05, 4.854539219658855e-06, -0.021134025085055835, 0.05344655243982209, -0.020485728828696165, 0.003239100298366875, -0.0001819405434861066], [0.0005855591557740483, 0.0003191475733539188, -0.00020357846207748863, 4.0765877240145746e-05, -2.6747480469302853e-06, 0.0039915728870847655, -0.020485728828696165, 0.010502992445729789, -0.001916622863905865, 0.00011827072251732638], [-0.00010436447601828336, -4.949422210443372e-05, 3.549416689632175e-05, -7.426701926474702e-06, 4.878564162650433e-07, -0.0007014534748913307, 0.003239100298366875, -0.001916622863905865, 0.0003814340809990252, -2.498970967463029e-05], [6.2362627009235206e-06, 2.4626381504835546e-06, -2.0375350498298652e-06, 4.5475553983666944e-07, -3.035871527663491e-08, 4.0811295745674565e-05, -0.0001819405434861066, 0.00011827072251732638, -2.498970967463029e-05, 1.7074249949238787e-06]], "best_aic_B": {"B_d": [[1.6712877284385144e-08], [2.0467588289474086e-09], [9.588399012048838e-10]], "B_theta": [8.201850473538485e-10], "B_const": [0.0003290705572505607]}, "best_aic_deg": 5, "best_aic_deg_idx": 4, "lr": [{"class_name": "PiecewiseConstantDecay", "config": {"boundaries": [4290], "values": [0.005, 0.005], "name": null}}, {"class_name": "PiecewiseConstantDecay", "config": {"boundaries": [4290], "values": [0.005, 0.005], "name": null}}, {"class_name": "PiecewiseConstantDecay", "config": {"boundaries": [4290], "values": [0.005, 0.005], "name": null}}, {"class_name": "PiecewiseConstantDecay", "config": {"boundaries": [4290], "values": [0.005, 0.005], "name": null}}, {"class_name": "PiecewiseConstantDecay", "config": {"boundaries": [4290], "values": [0.005, 0.005], "name": null}}, {"class_name": "PiecewiseConstantDecay", "config": {"boundaries": [4290], "values": [0.005, 0.005], "name": null}}, {"class_name": "PiecewiseConstantDecay", "config": {"boundaries": [4290], "values": [0.005, 0.005], "name": null}}, {"class_name": "PiecewiseConstantDecay", "config": {"boundaries": [4290], "values": [0.005, 0.005], "name": null}}], "optimizer": [{"class_name": "Adam", "config": {"name": "Adam", "learning_rate": 0.005, "decay": 0.0, "beta_1": 0.9, "beta_2": 0.999, "epsilon": 1e-07, "amsgrad": false}}, {"class_name": "Adam", "config": {"name": "Adam", "learning_rate": 0.005, "decay": 0.0, "beta_1": 0.9, "beta_2": 0.999, "epsilon": 1e-07, "amsgrad": false}}, {"class_name": "Adam", "config": {"name": "Adam", "learning_rate": 0.005, "decay": 0.0, "beta_1": 0.9, "beta_2": 0.999, "epsilon": 1e-07, "amsgrad": false}}, {"class_name": "Adam", "config": {"name": "Adam", "learning_rate": 0.005, "decay": 0.0, "beta_1": 0.9, "beta_2": 0.999, "epsilon": 1e-07, "amsgrad": false}}, {"class_name": "Adam", "config": {"name": "Adam", "learning_rate": 0.005, "decay": 0.0, "beta_1": 0.9, "beta_2": 0.999, "epsilon": 1e-07, "amsgrad": false}}, {"class_name": "Adam", "config": {"name": "Adam", "learning_rate": 0.005, "decay": 0.0, "beta_1": 0.9, "beta_2": 0.999, "epsilon": 1e-07, "amsgrad": false}}, {"class_name": "Adam", "config": {"name": "Adam", "learning_rate": 0.005, "decay": 0.0, "beta_1": 0.9, "beta_2": 0.999, "epsilon": 1e-07, "amsgrad": false}}, {"class_name": "Adam", "config": {"name": "Adam", "learning_rate": 0.005, "decay": 0.0, "beta_1": 0.9, "beta_2": 0.999, "epsilon": 1e-07, "amsgrad": false}}], "epochs": 100, "best_epochs": [99, 99, 99, 99, 99, 99, 99, 99], "batch_size": 1024}