{"degree": [1, 2, 3, 4, 5, 6, 7, 8], "losses": [194.992643229948, 16.884441244918047, -85.73437656093084, -152.42371956498695, -195.80702352883395, -216.41706337813127, -223.791508189669, -225.31441666308936], "A_list": [[[9.400021690889522, -0.4359040274016207], [-0.4359040274016207, 11.079354160378829]], [[9.570386682093826, -0.07950413151270382, -0.45210361885925116, 0.04335116411269463], [-0.07950413151270382, 0.023476889615988036, -0.043712238388751566, 0.0005488555003752484], [-0.45210361885925116, -0.043712238388751566, 11.212492327659225, -0.07516828581565088], [0.04335116411269463, 0.0005488555003752484, -0.07516828581565088, 0.02422312091673117]], [[9.3834378696474, -0.09533002375404245, 0.0008137666133110629, -0.4542554040683771, 0.05349287582522267, -0.002156886668156367], [-0.09533002375404245, 0.07966871080986676, -0.005634468345619047, -0.05731537460013571, 0.0014984626399109082, 0.00033698434635742123], [0.0008137666133110629, -0.005634468345619047, 0.000563066775823859, 0.0020222162745137597, -0.00042332127387042416, 8.593021110735523e-07], [-0.4542554040683771, -0.05731537460013571, 0.0020222162745137597, 10.942759243770874, -0.06993770227322314, -0.0012332805239783809], [0.05349287582522267, 0.0014984626399109082, -0.00042332127387042416, -0.06993770227322314, 0.08007153269920897, -0.005630765375902939], [-0.002156886668156367, 0.00033698434635742123, 8.593021110735523e-07, -0.0012332805239783809, -0.005630765375902939, 0.0005660864880723208]], [[9.261738197982085, -0.08354764571053107, 0.002752511457709903, -0.00010082055068305841, -0.4667231895943494, 0.041577003062719345, -0.00019293650897514198, -0.00010288724212855758], [-0.08354764571053107, 0.14634064042635833, -0.026295030838219102, 0.0015282405780554491, -0.035220799379175514, 0.0007910673358951797, 0.0014570478228639507, -0.00013171754957359513], [0.002752511457709903, -0.026295030838219102, 0.00670945194724479, -0.00045675522584063725, -0.0018948672259818868, -0.0015584219533004468, 5.126135978339478e-05, 8.021183200826779e-06], [-0.00010082055068305841, 0.0015282405780554491, -0.00045675522584063725, 3.397045409916931e-05, 0.00022266348717820056, 0.00013675030928020764, -1.6172040595133555e-05, 3.1560604863769163e-07], [-0.4667231895943494, -0.035220799379175514, -0.0018948672259818868, 0.00022266348717820056, 10.842251456874457, -0.0660524734434693, 0.002621475879053112, -0.00024819645144668234], [0.041577003062719345, 0.0007910673358951797, -0.0015584219533004468, 0.00013675030928020764, -0.0660524734434693, 0.14693923477581983, -0.026342772425925122, 0.0015318697503652879], [-0.00019293650897514198, 0.0014570478228639507, 5.126135978339478e-05, -1.6172040595133555e-05, 0.002621475879053112, -0.026342772425925122, 0.0067322403725927835, -0.0004578519800616988], [-0.00010288724212855758, -0.00013171754957359513, 8.021183200826779e-06, 3.1560604863769163e-07, -0.00024819645144668234, 0.0015318697503652879, -0.0004578519800616988, 3.401421286459589e-05]], [[9.213272753913033, -0.06424393126846081, 0.005853458984179616, -0.0011974421237471043, 6.381302526025989e-05, -0.46692566231365545, 0.038873886469007864, 0.0006462509382911273, -9.602854014136134e-05, -6.371134250559699e-06], [-0.06424393126846081, 0.15975660090278526, -0.04345305610127739, 0.005222277731869759, -0.0002274719190141563, -0.03170393254256938, 0.0006887877911647003, 0.0013577317288888519, -0.0002226057782188258, 1.1441237655255578e-05], [0.005853458984179616, -0.04345305610127739, 0.018604701926279457, -0.002821199289948942, 0.00014519344306638992, -0.002551038635288218, -0.001602426596037991, 0.00010725548201802176, 3.802247462838723e-05, -3.857063650948639e-06], [-0.0011974421237471043, 0.005222277731869759, -0.002821199289948942, 0.0004955108843067174, -2.824701691341488e-05, 0.00020681163767018754, 0.0002530280695808258, -6.351862425216264e-05, 1.5429131126157572e-06, 2.65591128554888e-07], [6.381302526025989e-05, -0.0002274719190141563, 0.00014519344306638992, -2.824701691341488e-05, 1.723942487402472e-06, 3.420299241204376e-06, -1.3032114684259808e-05, 4.982115564565191e-06, -4.1789740342858883e-07, 4.28349508639284e-09], [-0.46692566231365545, -0.03170393254256938, -0.002551038635288218, 0.00020681163767018754, 3.420299241204376e-06, 10.78217574164628, -0.04378805652476902, 0.004597482959440057, -0.0011688022117635278, 5.307418056780159e-05], [0.038873886469007864, 0.0006887877911647003, -0.001602426596037991, 0.0002530280695808258, -1.3032114684259808e-05, -0.04378805652476902, 0.16015576327483097, -0.04320624285478135, 0.005167449896852388, -0.00022453562652814319], [0.0006462509382911273, 0.0013577317288888519, 0.00010725548201802176, -6.351862425216264e-05, 4.982115564565191e-06, 0.004597482959440057, -0.04320624285478135, 0.018395790983881912, -0.00277859332989381, 0.00014280158473819026], [-9.602854014136134e-05, -0.0002226057782188258, 3.802247462838723e-05, 1.5429131126157572e-06, -4.1789740342858883e-07, -0.0011688022117635278, 0.005167449896852388, -0.00277859332989381, 0.00048726057962455034, -2.7788841451258933e-05], [-6.371134250559699e-06, 1.1441237655255578e-05, -3.857063650948639e-06, 2.65591128554888e-07, 4.28349508639284e-09, 5.307418056780159e-05, -0.00022453562652814319, 0.00014280158473819026, -2.7788841451258933e-05, 1.6992260872133463e-06]], [[9.191246514992056, -0.037365841388005396, 9.994166987052971e-07, -0.0008637131019403628, 5.639736036880382e-05, 1.9421590889170856e-06, -0.4626029556231521, 0.03694038232304185, 0.0018939496043745834, -0.00034097916893038817, 4.443433604480366e-06, 2.376523401102747e-07], [-0.037365841388005396, 0.13838217499235334, -0.03836107774440398, 0.004292534818138443, -6.507715173180758e-05, -1.2084695141677156e-05, -0.03093048548154471, 0.0011762819383229733, 0.0007399372160641508, -8.891445123876313e-05, 4.304326406346437e-06, -1.0957719474389179e-07], [9.994166987052971e-07, -0.03836107774440398, 0.01803159434624792, -0.0029747633580207078, 0.0001754199082309757, -1.1552527860894408e-06, -0.003006882361819015, -0.0013873778423556138, 0.00015122364101118903, 3.505053428542102e-05, -8.396254497854645e-06, 4.621681777104651e-07], [-0.0008637131019403628, 0.004292534818138443, -0.0029747633580207078, 0.0007315877859836635, -7.683143068877922e-05, 2.9203342094615433e-06, 0.00014137262292132318, 0.00022780543547084946, -7.519362780306242e-05, 5.723764654612003e-07, 1.811570724349296e-06, -1.401672121890793e-07], [5.639736036880382e-05, -6.507715173180758e-05, 0.0001754199082309757, -7.683143068877922e-05, 1.2017329654687063e-05, -6.338558243631445e-07, 4.2153389124288944e-05, -1.8453512576959316e-05, 9.81527611751769e-06, -9.933851210389642e-07, -1.210358220852687e-07, 1.4848958110690101e-08], [1.9421590889170856e-06, -1.2084695141677156e-05, -1.1552527860894408e-06, 2.9203342094615433e-06, -6.338558243631445e-07, 3.926935444921632e-08, -3.3314783061702524e-06, 7.640563517325688e-07, -4.544420750502019e-07, 7.511743726165283e-08, 1.1947828410085027e-09, -5.228493605084275e-10], [-0.4626029556231521, -0.03093048548154471, -0.003006882361819015, 0.00014137262292132318, 4.2153389124288944e-05, -3.3314783061702524e-06, 10.747651243750528, -0.01589539632118086, -0.0021594457828589485, -0.0005926023472329536, 2.2290454429883648e-05, 2.846999866927783e-06], [0.03694038232304185, 0.0011762819383229733, -0.0013873778423556138, 0.00022780543547084946, -1.8453512576959316e-05, 7.640563517325688e-07, -0.01589539632118086, 0.13628285428427905, -0.03665586079373185, 0.003985844643251145, -4.760476753043307e-05, -1.2081296107076096e-05], [0.0018939496043745834, 0.0007399372160641508, 0.00015122364101118903, -7.519362780306242e-05, 9.81527611751769e-06, -4.544420750502019e-07, -0.0021594457828589485, -0.03665586079373185, 0.01699202276359604, -0.002776580954946199, 0.0001608344463563287, -8.602040374470755e-07], [-0.00034097916893038817, -8.891445123876313e-05, 3.505053428542102e-05, 5.723764654612003e-07, -9.933851210389642e-07, 7.511743726165283e-08, -0.0005926023472329536, 0.003985844643251145, -0.002776580954946199, 0.0006907731977739763, -7.324866084068922e-05, 2.811218158913593e-06], [4.443433604480366e-06, 4.304326406346437e-06, -8.396254497854645e-06, 1.811570724349296e-06, -1.210358220852687e-07, 1.1947828410085027e-09, 2.2290454429883648e-05, -4.760476753043307e-05, 0.0001608344463563287, -7.324866084068922e-05, 1.1624893020625093e-05, -6.180989731291257e-07], [2.376523401102747e-07, -1.0957719474389179e-07, 4.621681777104651e-07, -1.401672121890793e-07, 1.4848958110690101e-08, -5.228493605084275e-10, 2.846999866927783e-06, -1.2081296107076096e-05, -8.602040374470755e-07, 2.811218158913593e-06, -6.180989731291257e-07, 3.8503740295616095e-08]], [[9.184972532531232, -0.03713593998739012, -0.0003019962775845948, -0.0005962095374747222, -7.48097965989672e-05, 2.620128556687418e-05, -1.4422766814680877e-06, -0.4605238104297666, 0.034909888842176884, 0.002367891466570914, -0.00037593603197379693, 6.756165348883963e-06, -1.2780709478173957e-06, 1.2100868453126956e-07], [-0.03713593998739012, 0.13976298594774733, -0.038374794053033616, 0.0037090003508639877, 0.00020991795722307972, -5.7837462677445255e-05, 2.557129473608022e-06, -0.03256954737425192, 0.0012182619219695714, 0.0008481162439434474, -0.0001432845708996884, 1.645556421613142e-05, -1.4113730759102097e-06, 5.837549118777533e-08], [-0.0003019962775845948, -0.038374794053033616, 0.01812722304893585, -0.0026011501686025494, -4.70456945691751e-05, 3.889496156945579e-05, -2.3131467226764043e-06, -0.0017590566698857074, -0.0015473499153739296, 0.0001942220537343079, 4.289674733279142e-05, -1.1609838417018175e-05, 6.843382593110213e-07, 1.3056984652108236e-09], [-0.0005962095374747222, 0.0037090003508639877, -0.0026011501686025494, 0.0005255460054774982, -6.202506351887176e-06, -7.92858493012421e-06, 5.890191954347702e-07, -0.00010724136174451299, 0.00024383327434940004, -9.673472852605884e-05, 4.784271250715314e-06, 2.2027437306398285e-06, -2.9866121648942333e-07, 1.0044975086481417e-08], [-7.48097965989672e-05, 0.00020991795722307972, -4.70456945691751e-05, -6.202506351887176e-06, 1.4420916951483936e-06, 1.0196293025949774e-07, -1.874683812173055e-08, 5.6563319985282005e-05, -1.1695138729943534e-05, 1.0857531407223321e-05, -2.275681570498258e-06, -6.425582361204397e-09, 3.8577022359335446e-08, -2.6240932668303275e-09], [2.620128556687418e-05, -5.7837462677445255e-05, 3.889496156945579e-05, -7.92858493012421e-06, 1.0196293025949774e-07, 1.2070369577687278e-07, -9.043395553901581e-09, -1.3759666971214343e-06, -6.209340389713238e-07, -9.409304789623289e-08, 1.949704061037379e-07, -3.441255752029499e-08, 4.4063291257765086e-10, 1.4084436114226465e-10], [-1.4422766814680877e-06, 2.557129473608022e-06, -2.3131467226764043e-06, 5.890191954347702e-07, -1.874683812173055e-08, -9.043395553901581e-09, 7.731925524746345e-10, -1.691825663314861e-07, 7.720212296494921e-08, -3.472847257781211e-08, -3.4803281847439113e-09, 2.4852788982855416e-09, -2.2975196317152465e-10, 3.646416161753626e-12], [-0.4605238104297666, -0.03256954737425192, -0.0017590566698857074, -0.00010724136174451299, 5.6563319985282005e-05, -1.3759666971214343e-06, -1.691825663314861e-07, 10.768173982911284, -0.028882812799725707, 0.0036244492007997424, -0.0016908353621483024, 0.0001115095187896732, 5.905675981505576e-07, -2.2421451135404024e-08], [0.034909888842176884, 0.0012182619219695714, -0.0015473499153739296, 0.00024383327434940004, -1.1695138729943534e-05, -6.209340389713238e-07, 7.720212296494921e-08, -0.028882812799725707, 0.14204816702455145, -0.03943285809783167, 0.0039165348644514325, 0.00021589269920026463, -6.311368180277604e-05, 2.9324763365654457e-06], [0.002367891466570914, 0.0008481162439434474, 0.0001942220537343079, -9.673472852605884e-05, 1.0857531407223321e-05, -9.409304789623289e-08, -3.472847257781211e-08, 0.0036244492007997424, -0.03943285809783167, 0.018789040912436036, -0.0027403222801354946, -4.589637047065518e-05, 4.124016705925274e-05, -2.4909905751009817e-06], [-0.00037593603197379693, -0.0001432845708996884, 4.289674733279142e-05, 4.784271250715314e-06, -2.275681570498258e-06, 1.949704061037379e-07, -3.4803281847439113e-09, -0.0016908353621483024, 0.0039165348644514325, -0.0027403222801354946, 0.0005553962796844103, -6.645977501146953e-06, -8.384024469919202e-06, 6.242551098061196e-07], [6.756165348883963e-06, 1.645556421613142e-05, -1.1609838417018175e-05, 2.2027437306398285e-06, -6.425582361204397e-09, -3.441255752029499e-08, 2.4852788982855416e-09, 0.0001115095187896732, 0.00021589269920026463, -4.589637047065518e-05, -6.645977501146953e-06, 1.4717023292981252e-06, 1.0538658335350496e-07, -1.9155671701543435e-08], [-1.2780709478173957e-06, -1.4113730759102097e-06, 6.843382593110213e-07, -2.9866121648942333e-07, 3.8577022359335446e-08, 4.4063291257765086e-10, -2.2975196317152465e-10, 5.905675981505576e-07, -6.311368180277604e-05, 4.124016705925274e-05, -8.384024469919202e-06, 1.0538658335350496e-07, 1.2796984309656304e-07, -9.583109622930203e-09], [1.2100868453126956e-07, 5.837549118777533e-08, 1.3056984652108236e-09, 1.0044975086481417e-08, -2.6240932668303275e-09, 1.4084436114226465e-10, 3.646416161753626e-12, -2.2421451135404024e-08, 2.9324763365654457e-06, -2.4909905751009817e-06, 6.242551098061196e-07, -1.9155671701543435e-08, -9.583109622930203e-09, 8.142771157356143e-10]], [[9.174516611535987, -0.019981395704526634, -0.006446783315205127, 0.00042593866916011783, -0.00016171967576331128, 1.4525162129795624e-05, 3.0048463026931466e-06, -3.3016388084481444e-07, -0.46577101538729054, 0.033368657301206375, 0.002890535063904304, -0.00031429266239657653, -3.5831005744301495e-05, 5.040801720840238e-06, -4.030200177530292e-07, 1.800851475019717e-08], [-0.019981395704526634, 0.11883776792179875, -0.029942590462306466, 0.0018488845918766164, 0.00039070492759542855, -2.7803985457289994e-05, -6.9711849373328655e-06, 6.479056786910743e-07, -0.03309113523724596, 0.0010251797155008218, 0.0006193317773371834, -0.0001202745653936503, 2.1353537819749456e-05, -2.0808670179408458e-07, -4.917283984996326e-07, 4.139959807608933e-08], [-0.006446783315205127, -0.029942590462306466, 0.014273902197044717, -0.0016059259718470419, -0.00014725923500462446, 1.9936539506631803e-05, 3.201539820926636e-06, -3.5705662285123526e-07, -0.001789453222009859, -0.0010809830675759038, 9.785412266837131e-05, 7.370296205037745e-05, -1.6781617122103803e-05, -1.2027260212759772e-07, 3.058461730406806e-07, -2.1504606035138973e-08], [0.00042593866916011783, 0.0018488845918766164, -0.0016059259718470419, 0.00029138254832798113, 8.518434641191726e-06, -3.517886633969823e-06, -3.309839261114891e-07, 5.134406020344213e-08, -8.989182358807058e-05, 0.0001551675324383287, -7.760791279063013e-05, -4.846763868140459e-07, 3.0819002422101886e-06, -1.0006345528863591e-07, -5.931324308304521e-08, 4.9377384882115524e-09], [-0.00016171967576331128, 0.00039070492759542855, -0.00014725923500462446, 8.518434641191726e-06, 2.488426417888901e-06, -1.221602040161532e-07, -4.2153318184023475e-08, 3.2636621180771457e-09, 6.904644343630845e-05, -1.2666615411429589e-05, 1.2529049179196199e-05, -2.7313370278094486e-06, 2.184823462504622e-08, 2.8561306433828377e-08, 8.011635819519288e-10, -2.716001926736579e-10], [1.4525162129795624e-05, -2.7803985457289994e-05, 1.9936539506631803e-05, -3.517886633969823e-06, -1.221602040161532e-07, 4.3762531267921305e-08, 4.411423990886801e-09, -6.585741726665221e-10, -2.6819255496217035e-06, -2.8084061188919715e-07, 4.1242833037368596e-08, 1.4388383785418049e-07, -3.311457963191169e-08, -4.557801419227332e-10, 5.611758551597684e-10, -3.478446830185965e-11], [3.0048463026931466e-06, -6.9711849373328655e-06, 3.201539820926636e-06, -3.309839261114891e-07, -4.2153318184023475e-08, 4.411423990886801e-09, 8.675025427412078e-10, -8.68489005917741e-11, -4.1716981076475986e-07, 2.657640812878712e-07, -1.899583805759086e-07, 4.32211446801805e-08, -1.5626008962751385e-09, -3.893324243971598e-10, 1.4146859947179431e-11, 1.7911850107654632e-12], [-3.3016388084481444e-07, 6.479056786910743e-07, -3.5705662285123526e-07, 5.134406020344213e-08, 3.2636621180771457e-09, -6.585741726665221e-10, -8.68489005917741e-11, 1.0949884281836874e-11, 3.348740918719031e-08, -1.9805944409965522e-08, 1.3230819451582978e-08, -3.881606151931219e-09, 3.5365347316588073e-10, 2.707681130048512e-11, -5.372943061362443e-12, 1.8141180895188918e-13], [-0.46577101538729054, -0.03309113523724596, -0.001789453222009859, -8.989182358807058e-05, 6.904644343630845e-05, -2.6819255496217035e-06, -4.1716981076475986e-07, 3.348740918719031e-08, 10.750037784888203, 0.0015884563010448174, -0.008483406698558309, 0.0005346916465526367, -0.00014769528201008454, 1.171186269450256e-05, 2.585947576944335e-06, -2.904771096715462e-07], [0.033368657301206375, 0.0010251797155008218, -0.0010809830675759038, 0.0001551675324383287, -1.2666615411429589e-05, -2.8084061188919715e-07, 2.657640812878712e-07, -1.9805944409965522e-08, 0.0015884563010448174, 0.1200265216908217, -0.030251095462858986, 0.001947497472487926, 0.0003894390172607261, -2.9064185820678673e-05, -7.085958008000381e-06, 6.714379548517758e-07], [0.002890535063904304, 0.0006193317773371834, 9.785412266837131e-05, -7.760791279063013e-05, 1.2529049179196199e-05, 4.1242833037368596e-08, -1.899583805759086e-07, 1.3230819451582978e-08, -0.008483406698558309, -0.030251095462858986, 0.014491534895844142, -0.0016841452824351, -0.00014206343642427644, 2.063574823171917e-05, 3.1589263573591434e-06, -3.6132520276029284e-07], [-0.00031429266239657653, -0.0001202745653936503, 7.370296205037745e-05, -4.846763868140459e-07, -2.7313370278094486e-06, 1.4388383785418049e-07, 4.32211446801805e-08, -3.881606151931219e-09, 0.0005346916465526367, 0.001947497472487926, -0.0016841452824351, 0.00031514487463257644, 6.783226417711948e-06, -3.6950272531512456e-06, -3.1080265994854907e-07, 5.151134623664665e-08], [-3.5831005744301495e-05, 2.1353537819749456e-05, -1.6781617122103803e-05, 3.0819002422101886e-06, 2.184823462504622e-08, -3.311457963191169e-08, -1.5626008962751385e-09, 3.5365347316588073e-10, -0.00014769528201008454, 0.0003894390172607261, -0.00014206343642427644, 6.783226417711948e-06, 2.618094146580104e-06, -1.0652906333979492e-07, -4.3896601812774926e-08, 3.2582175350776605e-09], [5.040801720840238e-06, -2.0808670179408458e-07, -1.2027260212759772e-07, -1.0006345528863591e-07, 2.8561306433828377e-08, -4.557801419227332e-10, -3.893324243971598e-10, 2.707681130048512e-11, 1.171186269450256e-05, -2.9064185820678673e-05, 2.063574823171917e-05, -3.6950272531512456e-06, -1.0652906333979492e-07, 4.456963459394647e-08, 4.1890511746549644e-09, -6.494726209058042e-10], [-4.030200177530292e-07, -4.917283984996326e-07, 3.058461730406806e-07, -5.931324308304521e-08, 8.011635819519288e-10, 5.611758551597684e-10, 1.4146859947179431e-11, -5.372943061362443e-12, 2.585947576944335e-06, -7.085958008000381e-06, 3.1589263573591434e-06, -3.1080265994854907e-07, -4.3896601812774926e-08, 4.1890511746549644e-09, 8.914452096372826e-10, -8.645440075857e-11], [1.800851475019717e-08, 4.139959807608933e-08, -2.1504606035138973e-08, 4.9377384882115524e-09, -2.716001926736579e-10, -3.478446830185965e-11, 1.7911850107654632e-12, 1.8141180895188918e-13, -2.904771096715462e-07, 6.714379548517758e-07, -3.6132520276029284e-07, 5.151134623664665e-08, 3.2582175350776605e-09, -6.494726209058042e-10, -8.645440075857e-11, 1.080990825355357e-11]]], "B_list": [{"B_d": [[0.1444567401512083], [9.525366112375516e-07], [2.2719130974043003e-07]], "B_theta": [2.1229522660376766e-07], "B_const": [0.7294376149430157]}, {"B_d": [[0.0012862318249212978], [7.441921482357778e-08], [1.751903945686925e-08]], "B_theta": [5.408870048459161e-08], "B_const": [0.05723418798754413]}, {"B_d": [[1.7812996335537556e-05], [1.16469737387993e-08], [4.628687601259119e-09]], "B_theta": [4.088391720095623e-08], "B_const": [0.011968879779912704]}, {"B_d": [[5.8871751769008663e-05], [4.324980602194899e-09], [4.855549371255094e-09]], "B_theta": [1.4645645098920184e-08], "B_const": [0.004151087756190186]}, {"B_d": [[0.00017664200510454588], [1.391767857694075e-07], [7.291787909804879e-08]], "B_theta": [6.764055052447037e-09], "B_const": [0.0019375135845663115]}, {"B_d": [[0.00013026147227727095], [3.2601131185770094e-07], [2.4266198206427267e-07]], "B_theta": [7.3697322693840014e-09], "B_const": [0.0011821567451690805]}, {"B_d": [[0.00010997096695648337], [1.0593648614730932e-06], [2.4732402242877665e-07]], "B_theta": [7.88903252791314e-09], "B_const": [0.001121567991889574]}, {"B_d": [[0.00011653171156301604], [3.9608397065928946e-07], [2.6542347686273266e-07]], "B_theta": [9.585817254287727e-09], "B_const": [0.0011064856237243375]}], "bic_scores": [212.04336273811325, 48.854540322727914, -30.319538159393737, -65.03878208563998, -67.92662721759449, -39.515848480916674, 10.655885047603334, 75.20451466832336], "best_bic": -67.92662721759449, "best_bic_A": [[9.213272753913033, -0.06424393126846081, 0.005853458984179616, -0.0011974421237471043, 6.381302526025989e-05, -0.46692566231365545, 0.038873886469007864, 0.0006462509382911273, -9.602854014136134e-05, -6.371134250559699e-06], [-0.06424393126846081, 0.15975660090278526, -0.04345305610127739, 0.005222277731869759, -0.0002274719190141563, -0.03170393254256938, 0.0006887877911647003, 0.0013577317288888519, -0.0002226057782188258, 1.1441237655255578e-05], [0.005853458984179616, -0.04345305610127739, 0.018604701926279457, -0.002821199289948942, 0.00014519344306638992, -0.002551038635288218, -0.001602426596037991, 0.00010725548201802176, 3.802247462838723e-05, -3.857063650948639e-06], [-0.0011974421237471043, 0.005222277731869759, -0.002821199289948942, 0.0004955108843067174, -2.824701691341488e-05, 0.00020681163767018754, 0.0002530280695808258, -6.351862425216264e-05, 1.5429131126157572e-06, 2.65591128554888e-07], [6.381302526025989e-05, -0.0002274719190141563, 0.00014519344306638992, -2.824701691341488e-05, 1.723942487402472e-06, 3.420299241204376e-06, -1.3032114684259808e-05, 4.982115564565191e-06, -4.1789740342858883e-07, 4.28349508639284e-09], [-0.46692566231365545, -0.03170393254256938, -0.002551038635288218, 0.00020681163767018754, 3.420299241204376e-06, 10.78217574164628, -0.04378805652476902, 0.004597482959440057, -0.0011688022117635278, 5.307418056780159e-05], [0.038873886469007864, 0.0006887877911647003, -0.001602426596037991, 0.0002530280695808258, -1.3032114684259808e-05, -0.04378805652476902, 0.16015576327483097, -0.04320624285478135, 0.005167449896852388, -0.00022453562652814319], [0.0006462509382911273, 0.0013577317288888519, 0.00010725548201802176, -6.351862425216264e-05, 4.982115564565191e-06, 0.004597482959440057, -0.04320624285478135, 0.018395790983881912, -0.00277859332989381, 0.00014280158473819026], [-9.602854014136134e-05, -0.0002226057782188258, 3.802247462838723e-05, 1.5429131126157572e-06, -4.1789740342858883e-07, -0.0011688022117635278, 0.005167449896852388, -0.00277859332989381, 0.00048726057962455034, -2.7788841451258933e-05], [-6.371134250559699e-06, 1.1441237655255578e-05, -3.857063650948639e-06, 2.65591128554888e-07, 4.28349508639284e-09, 5.307418056780159e-05, -0.00022453562652814319, 0.00014280158473819026, -2.7788841451258933e-05, 1.6992260872133463e-06]], "best_bic_B": {"B_d": [[0.00017664200510454588], [1.391767857694075e-07], [7.291787909804879e-08]], "B_theta": [6.764055052447037e-09], "B_const": [0.0019375135845663115]}, "best_bic_deg": 5, "best_bic_deg_idx": 4, "aic_scores": [202.992643229948, 31.884441244918047, -59.73437656093084, -111.42371956498695, -135.80702352883395, -133.41706337813127, -113.791508189669, -84.31441666308936], "best_aic": -135.80702352883395, "best_aic_A": [[9.213272753913033, -0.06424393126846081, 0.005853458984179616, -0.0011974421237471043, 6.381302526025989e-05, -0.46692566231365545, 0.038873886469007864, 0.0006462509382911273, -9.602854014136134e-05, -6.371134250559699e-06], [-0.06424393126846081, 0.15975660090278526, -0.04345305610127739, 0.005222277731869759, -0.0002274719190141563, -0.03170393254256938, 0.0006887877911647003, 0.0013577317288888519, -0.0002226057782188258, 1.1441237655255578e-05], [0.005853458984179616, -0.04345305610127739, 0.018604701926279457, -0.002821199289948942, 0.00014519344306638992, -0.002551038635288218, -0.001602426596037991, 0.00010725548201802176, 3.802247462838723e-05, -3.857063650948639e-06], [-0.0011974421237471043, 0.005222277731869759, -0.002821199289948942, 0.0004955108843067174, -2.824701691341488e-05, 0.00020681163767018754, 0.0002530280695808258, -6.351862425216264e-05, 1.5429131126157572e-06, 2.65591128554888e-07], [6.381302526025989e-05, -0.0002274719190141563, 0.00014519344306638992, -2.824701691341488e-05, 1.723942487402472e-06, 3.420299241204376e-06, -1.3032114684259808e-05, 4.982115564565191e-06, -4.1789740342858883e-07, 4.28349508639284e-09], [-0.46692566231365545, -0.03170393254256938, -0.002551038635288218, 0.00020681163767018754, 3.420299241204376e-06, 10.78217574164628, -0.04378805652476902, 0.004597482959440057, -0.0011688022117635278, 5.307418056780159e-05], [0.038873886469007864, 0.0006887877911647003, -0.001602426596037991, 0.0002530280695808258, -1.3032114684259808e-05, -0.04378805652476902, 0.16015576327483097, -0.04320624285478135, 0.005167449896852388, -0.00022453562652814319], [0.0006462509382911273, 0.0013577317288888519, 0.00010725548201802176, -6.351862425216264e-05, 4.982115564565191e-06, 0.004597482959440057, -0.04320624285478135, 0.018395790983881912, -0.00277859332989381, 0.00014280158473819026], [-9.602854014136134e-05, -0.0002226057782188258, 3.802247462838723e-05, 1.5429131126157572e-06, -4.1789740342858883e-07, -0.0011688022117635278, 0.005167449896852388, -0.00277859332989381, 0.00048726057962455034, -2.7788841451258933e-05], [-6.371134250559699e-06, 1.1441237655255578e-05, -3.857063650948639e-06, 2.65591128554888e-07, 4.28349508639284e-09, 5.307418056780159e-05, -0.00022453562652814319, 0.00014280158473819026, -2.7788841451258933e-05, 1.6992260872133463e-06]], "best_aic_B": {"B_d": [[0.00017664200510454588], [1.391767857694075e-07], [7.291787909804879e-08]], "B_theta": [6.764055052447037e-09], "B_const": [0.0019375135845663115]}, "best_aic_deg": 5, "best_aic_deg_idx": 4, "lr": [{"class_name": "PiecewiseConstantDecay", "config": {"boundaries": [4890], "values": [0.005, 0.005], "name": null}}, {"class_name": "PiecewiseConstantDecay", "config": {"boundaries": [4890], "values": [0.005, 0.005], "name": null}}, {"class_name": "PiecewiseConstantDecay", "config": {"boundaries": [4890], "values": [0.005, 0.005], "name": null}}, {"class_name": "PiecewiseConstantDecay", "config": {"boundaries": [4890], "values": [0.005, 0.005], "name": null}}, {"class_name": "PiecewiseConstantDecay", "config": {"boundaries": [4890], "values": [0.005, 0.005], "name": null}}, {"class_name": "PiecewiseConstantDecay", "config": {"boundaries": [4890], "values": [0.005, 0.005], "name": null}}, {"class_name": "PiecewiseConstantDecay", "config": {"boundaries": [4890], "values": [0.005, 0.005], "name": null}}, {"class_name": "PiecewiseConstantDecay", "config": {"boundaries": [4890], "values": [0.005, 0.005], "name": null}}], "optimizer": [{"class_name": "Adam", "config": {"name": "Adam", "learning_rate": 0.005, "decay": 0.0, "beta_1": 0.9, "beta_2": 0.999, "epsilon": 1e-07, "amsgrad": false}}, {"class_name": "Adam", "config": {"name": "Adam", "learning_rate": 0.005, "decay": 0.0, "beta_1": 0.9, "beta_2": 0.999, "epsilon": 1e-07, "amsgrad": false}}, {"class_name": "Adam", "config": {"name": "Adam", "learning_rate": 0.005, "decay": 0.0, "beta_1": 0.9, "beta_2": 0.999, "epsilon": 1e-07, "amsgrad": false}}, {"class_name": "Adam", "config": {"name": "Adam", "learning_rate": 0.005, "decay": 0.0, "beta_1": 0.9, "beta_2": 0.999, "epsilon": 1e-07, "amsgrad": false}}, {"class_name": "Adam", "config": {"name": "Adam", "learning_rate": 0.005, "decay": 0.0, "beta_1": 0.9, "beta_2": 0.999, "epsilon": 1e-07, "amsgrad": false}}, {"class_name": "Adam", "config": {"name": "Adam", "learning_rate": 0.005, "decay": 0.0, "beta_1": 0.9, "beta_2": 0.999, "epsilon": 1e-07, "amsgrad": false}}, {"class_name": "Adam", "config": {"name": "Adam", "learning_rate": 0.005, "decay": 0.0, "beta_1": 0.9, "beta_2": 0.999, "epsilon": 1e-07, "amsgrad": false}}, {"class_name": "Adam", "config": {"name": "Adam", "learning_rate": 0.005, "decay": 0.0, "beta_1": 0.9, "beta_2": 0.999, "epsilon": 1e-07, "amsgrad": false}}], "epochs": 100, "best_epochs": [99, 99, 99, 99, 99, 99, 99, 99], "batch_size": 256}