{"degree": [1, 2, 3, 4, 5, 6, 7, 8], "losses": [-34.3930640481203, -128.12496886407723, -176.2099792910085, -197.59932144923496, -206.7204628492328, -207.8634421385906, -210.77874356966672, -210.9200690817152], "A_list": [[[0.9667596537688409, -0.00043521869965615877], [-0.00043521869965615877, 1.0071759291202431]], [[1.0097968755720028, -0.01506448579585858, -0.0007489944285976884, 0.0022792947021286467], [-0.01506448579585858, 0.005283659203680325, -0.00129734593639327, -0.00018762573562880526], [-0.0007489944285976884, -0.00129734593639327, 1.051920209657001, -0.015395262155083063], [0.0022792947021286467, -0.00018762573562880526, -0.015395262155083063, 0.005579871705164924]], [[0.986878233421163, -0.014601871936748079, -0.00032989713898707413, -0.001432043146069225, 0.0018849844014209563, -5.622263342035101e-06], [-0.014601871936748079, 0.01920463133951615, -0.002423452423528742, -0.0010087782016058448, -0.00017728982063312882, 3.306610630160377e-05], [-0.00032989713898707413, -0.002423452423528742, 0.00042487216574178913, 6.816522401683339e-05, -3.159541559305778e-05, -1.323199140188938e-06], [-0.001432043146069225, -0.0010087782016058448, 6.816522401683339e-05, 1.0286089642061265, -0.014281328038748589, -0.00031158730586979027], [0.0018849844014209563, -0.00017728982063312882, -3.159541559305778e-05, -0.014281328038748589, 0.02005004653802352, -0.002475800414026153], [-5.622263342035101e-06, 3.306610630160377e-05, -1.323199140188938e-06, -0.00031158730586979027, -0.002475800414026153, 0.00041989525659814664]], [[0.9767427248927806, -0.01283438343964898, 8.300533405492735e-05, -3.5792303212439144e-05, -0.0007375342883910182, 0.0008296223272458162, 0.00048457219304827925, -7.615900768478139e-05], [-0.01283438343964898, 0.03612290012651969, -0.011378407377414718, 0.001143789425429327, -0.00038321302353261204, -0.0004041853170879885, 0.00011466764715752388, -7.304472113016384e-06], [8.300533405492735e-05, -0.011378407377414718, 0.005004736216240477, -0.0005881814388144525, -0.000296979601115567, 0.00010621543085593945, -3.7249445112701257e-05, 3.688113154914349e-06], [-3.5792303212439144e-05, 0.001143789425429327, -0.0005881814388144525, 7.543231089167259e-05, 6.11513816442963e-05, -1.3259896886660473e-05, 3.5561863669967374e-06, -3.739713932984775e-07], [-0.0007375342883910182, -0.00038321302353261204, -0.000296979601115567, 6.11513816442963e-05, 1.018289836285387, -0.013236295061100536, 4.696261100386965e-05, -3.1451622874803514e-05], [0.0008296223272458162, -0.0004041853170879885, 0.00010621543085593945, -1.3259896886660473e-05, -0.013236295061100536, 0.03743211146707512, -0.0116298149320358, 0.0011730301047583487], [0.00048457219304827925, 0.00011466764715752388, -3.7249445112701257e-05, 3.5561863669967374e-06, 4.696261100386965e-05, -0.0116298149320358, 0.005094153146276907, -0.0006000633980853086], [-7.615900768478139e-05, -7.304472113016384e-06, 3.688113154914349e-06, -3.739713932984775e-07, -3.1451622874803514e-05, 0.0011730301047583487, -0.0006000633980853086, 7.676127454750865e-05]], [[0.9748410520678426, -0.014851726503297448, 0.004198485746902916, -0.0014348547671015242, 0.00013236198988909095, -0.00012073857064626523, 6.067544631492072e-05, 0.0012551272064071518, -0.0002825890491619635, 2.1945126016885458e-05], [-0.014851726503297448, 0.058054495122340045, -0.033606520951962114, 0.008141821681894132, -0.000704906576388244, -0.001100690183233258, -0.00044689233270080907, 0.000220618322449049, -4.857591725593147e-05, 5.23647712719758e-06], [0.004198485746902916, -0.033606520951962114, 0.025863387660654186, -0.007080085957047066, 0.0006574061705171737, 8.319283355602265e-05, 0.0002057186114368305, -0.00016790012136937995, 4.105788121023337e-05, -3.879707492020469e-06], [-0.0014348547671015242, 0.008141821681894132, -0.007080085957047066, 0.0020937744974830036, -0.00020469487733636862, -5.9181654164203886e-05, -6.259044125923446e-05, 5.4252922581191024e-05, -1.6056668576411302e-05, 1.6440577353247757e-06], [0.00013236198988909095, -0.000704906576388244, 0.0006574061705171737, -0.00020469487733636862, 2.075310295540798e-05, 1.4396171329321565e-05, 7.156937776311007e-06, -6.286867855304575e-06, 1.9537530080182045e-06, -1.9824966088175585e-07], [-0.00012073857064626523, -0.001100690183233258, 8.319283355602265e-05, -5.9181654164203886e-05, 1.4396171329321565e-05, 1.01584493646576, -0.014596419306538667, 0.003966586347853914, -0.0013520989308815775, 0.00012844580860355516], [6.067544631492072e-05, -0.00044689233270080907, 0.0002057186114368305, -6.259044125923446e-05, 7.156937776311007e-06, -0.014596419306538667, 0.059809280009372474, -0.03454641103814524, 0.008384730331963167, -0.0007278250763960641], [0.0012551272064071518, 0.000220618322449049, -0.00016790012136937995, 5.4252922581191024e-05, -6.286867855304575e-06, 0.003966586347853914, -0.03454641103814524, 0.0266954545443624, -0.007320948130274905, 0.000681936665219289], [-0.0002825890491619635, -4.857591725593147e-05, 4.105788121023337e-05, -1.6056668576411302e-05, 1.9537530080182045e-06, -0.0013520989308815775, 0.008384730331963167, -0.007320948130274905, 0.002166250563359612, -0.000212326108124648], [2.1945126016885458e-05, 5.23647712719758e-06, -3.879707492020469e-06, 1.6440577353247757e-06, -1.9824966088175585e-07, 0.00012844580860355516, -0.0007278250763960641, 0.000681936665219289, -0.000212326108124648, 2.1577212519787718e-05]], [[0.9737820455348827, -0.009354755884694508, 0.00017507998737520058, -3.906319202664423e-06, -0.00011588461620770719, 1.9186593880688674e-05, 2.1575112051783402e-05, 0.0007655255512035495, 0.0006261608256512379, 3.121848679131343e-05, -5.0718262043652346e-05, 6.160658781993352e-06], [-0.009354755884694508, 0.04095343745522206, -0.01920333574413623, 0.00275881046198364, 0.0002755155617248054, -7.216225884212188e-05, -0.0010115712215786657, 0.00021170598513566298, -0.00042466909870532936, 0.0002202355732878898, -4.8063521612783196e-05, 3.906438996614004e-06], [0.00017507998737520058, -0.01920333574413623, 0.014590343569525387, -0.0035538205952529984, 0.00017353012616614145, 2.4215343284142836e-05, 3.0054434031182943e-05, -0.00034705189640309896, 0.00041009322902369963, -0.0002047945839034177, 4.404525498643589e-05, -3.6057891149665882e-06], [-3.906319202664423e-06, 0.00275881046198364, -0.0035538205952529984, 0.0014441683179312564, -0.00022992135056799218, 1.1597033670441966e-05, -2.7351519357438826e-05, 0.00016398964168767795, -0.00020085140917398977, 9.490216221355e-05, -2.035302922465674e-05, 1.680970014490786e-06], [-0.00011588461620770719, 0.0002755155617248054, 0.00017353012616614145, -0.00022992135056799218, 6.780195806485505e-05, -6.234923648090485e-06, 1.1501608036727656e-05, -3.462707923029073e-05, 4.458134657568008e-05, -2.075295469131556e-05, 4.485376701281139e-06, -3.6869650607656367e-07], [1.9186593880688674e-05, -7.216225884212188e-05, 2.4215343284142836e-05, 1.1597033670441966e-05, -6.234923648090485e-06, 7.200523850896006e-07, 8.922722462503681e-07, 3.0253857218290475e-06, -3.884551948977821e-06, 1.7756641332643806e-06, -3.816240140552001e-07, 3.063481268396509e-08], [2.1575112051783402e-05, -0.0010115712215786657, 3.0054434031182943e-05, -2.7351519357438826e-05, 1.1501608036727656e-05, 8.922722462503681e-07, 1.015214129178, -0.008541893857679365, -0.0007406859210754778, 0.0003285804159333872, -0.00017636670968474517, 2.321961366351701e-05], [0.0007655255512035495, 0.00021170598513566298, -0.00034705189640309896, 0.00016398964168767795, -3.462707923029073e-05, 3.0253857218290475e-06, -0.008541893857679365, 0.04121126928437235, -0.01863047626975151, 0.0023453048329555755, 0.00038085848429298563, -8.140894996374878e-05], [0.0006261608256512379, -0.00042466909870532936, 0.00041009322902369963, -0.00020085140917398977, 4.458134657568008e-05, -3.884551948977821e-06, -0.0007406859210754778, -0.01863047626975151, 0.0138674606651856, -0.0031154932061530026, 6.440361717713192e-05, 3.4128671799553327e-05], [3.121848679131343e-05, 0.0002202355732878898, -0.0002047945839034177, 9.490216221355e-05, -2.075295469131556e-05, 1.7756641332643806e-06, 0.0003285804159333872, 0.0023453048329555755, -0.0031154932061530026, 0.00122249248026403, -0.00018066863341610381, 7.429568696008397e-06], [-5.0718262043652346e-05, -4.8063521612783196e-05, 4.404525498643589e-05, -2.035302922465674e-05, 4.485376701281139e-06, -3.816240140552001e-07, -0.00017636670968474517, 0.00038085848429298563, 6.440361717713192e-05, -0.00018066863341610381, 5.788182489227808e-05, -5.467569053205115e-06], [6.160658781993352e-06, 3.906438996614004e-06, -3.6057891149665882e-06, 1.680970014490786e-06, -3.6869650607656367e-07, 3.063481268396509e-08, 2.321961366351701e-05, -8.140894996374878e-05, 3.4128671799553327e-05, 7.429568696008397e-06, -5.467569053205115e-06, 6.673788353157461e-07]], [[0.975731246589447, -0.013148311198360943, 0.004186627178397851, -0.0013937545575837497, -0.00012575572473411307, 0.00010499077649524619, -1.1195180090220248e-05, -5.809236664423734e-05, 0.0012945177099930418, 0.0003772365291174725, 8.900089975906155e-06, -3.3119510231213013e-07, -9.036991132675384e-06, 1.2431166714806245e-06], [-0.013148311198360943, 0.05551061617450895, -0.03444682150019286, 0.008336596802697807, 7.883394768384482e-05, -0.00033138080416200146, 3.648472151030319e-05, -0.001518648081692029, 0.0006777416024916523, -0.0010724782681203538, 0.00042922305633542884, -3.0888436899431895e-05, -1.352044248074908e-05, 2.1807262896340348e-06], [0.004186627178397851, -0.03444682150019286, 0.03025487956099715, -0.008903891076234377, 0.00011807176077732059, 0.0003560395995355506, -4.331666013724539e-05, 0.0004038125219199823, -0.00069323585188651, 0.0009332467324199686, -0.00034638644932551686, 1.2131675999424414e-05, 1.5380094352970127e-05, -2.1884273270979062e-06], [-0.0013937545575837497, 0.008336596802697807, -0.008903891076234377, 0.0030769315067318706, -0.00010416946058464632, -0.00012562974395368632, 1.6789264346061636e-05, -0.0001402584947668235, 0.0002333411424660025, -0.0003282220471641249, 0.0001202244073509024, -4.093225135116906e-06, -5.4518644228920605e-06, 7.750450184947103e-07], [-0.00012575572473411307, 7.883394768384482e-05, 0.00011807176077732059, -0.00010416946058464632, 1.273079739656584e-05, 4.576754421895774e-06, -8.48171373992573e-07, 1.4095039345827723e-05, -8.469620435136689e-06, 2.2988320960172073e-05, -9.51192405183272e-06, 6.063138967717702e-07, 3.6832591992036047e-07, -5.514181341907968e-08], [0.00010499077649524619, -0.00033138080416200146, 0.0003560395995355506, -0.00012562974395368632, 4.576754421895774e-06, 5.1682164723541804e-06, -6.984305442143492e-07, 3.014492442213374e-06, -9.175054194593867e-06, 1.0446984597030795e-05, -3.5356818899569843e-06, 9.217038667533006e-08, 1.631467541735852e-07, -2.3269412659854363e-08], [-1.1195180090220248e-05, 3.648472151030319e-05, -4.331666013724539e-05, 1.6789264346061636e-05, -8.48171373992573e-07, -6.984305442143492e-07, 1.0072247944931361e-07, -2.1096609307494786e-07, 1.3296109114192638e-06, -1.6191732899687618e-06, 5.70038461712008e-07, -2.294152130511868e-08, -2.4267076563138406e-08, 3.532835976323537e-09], [-5.809236664423734e-05, -0.001518648081692029, 0.0004038125219199823, -0.0001402584947668235, 1.4095039345827723e-05, 3.014492442213374e-06, -2.1096609307494786e-07, 1.0166730633796115, -0.01274466195422431, 0.004039807641535479, -0.0016197763792212719, 6.55690507317456e-05, 5.518378797349208e-05, -6.530017638455766e-06], [0.0012945177099930418, 0.0006777416024916523, -0.00069323585188651, 0.0002333411424660025, -8.469620435136689e-06, -9.175054194593867e-06, 1.3296109114192638e-06, -0.01274466195422431, 0.05689350996134955, -0.03524926350310849, 0.008540120900129825, 6.396763828230234e-05, -0.00033465867897800695, 3.699288296921033e-05], [0.0003772365291174725, -0.0010724782681203538, 0.0009332467324199686, -0.0003282220471641249, 2.2988320960172073e-05, 1.0446984597030795e-05, -1.6191732899687618e-06, 0.004039807641535479, -0.03524926350310849, 0.031138446935720814, -0.009184793569370357, 0.00014435178073560293, 0.00035941903848334084, -4.388340235508647e-05], [8.900089975906155e-06, 0.00042922305633542884, -0.00034638644932551686, 0.0001202244073509024, -9.51192405183272e-06, -3.5356818899569843e-06, 5.70038461712008e-07, -0.0016197763792212719, 0.008540120900129825, -0.009184793569370357, 0.003172586184331423, -0.0001116936875951676, -0.00012750320827051848, 1.706386885460261e-05], [-3.3119510231213013e-07, -3.0888436899431895e-05, 1.2131675999424414e-05, -4.093225135116906e-06, 6.063138967717702e-07, 9.217038667533006e-08, -2.294152130511868e-08, 6.55690507317456e-05, 6.396763828230234e-05, 0.00014435178073560293, -0.0001116936875951676, 1.2313755079872692e-05, 4.960625644776766e-06, -8.8419846145192e-07], [-9.036991132675384e-06, -1.352044248074908e-05, 1.5380094352970127e-05, -5.4518644228920605e-06, 3.6832591992036047e-07, 1.631467541735852e-07, -2.4267076563138406e-08, 5.518378797349208e-05, -0.00033465867897800695, 0.00035941903848334084, -0.00012750320827051848, 4.960625644776766e-06, 5.184306682208901e-06, -7.065340173135678e-07], [1.2431166714806245e-06, 2.1807262896340348e-06, -2.1884273270979062e-06, 7.750450184947103e-07, -5.514181341907968e-08, -2.3269412659854363e-08, 3.532835976323537e-09, -6.530017638455766e-06, 3.699288296921033e-05, -4.388340235508647e-05, 1.706386885460261e-05, -8.8419846145192e-07, -7.065340173135678e-07, 1.0239858509849345e-07]], [[0.9766443863403994, -0.01265042745221137, 0.0037703185067006514, -0.0009624483500543624, -0.0002083086340751202, 5.539038984310016e-05, 1.1219407542207322e-05, -2.3573688086505925e-06, -0.001495640684223554, 0.0016738710651050378, 0.00010097924097486982, 9.875204844508162e-05, 5.229514131517029e-06, -9.224466576868626e-06, -2.5592999434636873e-07, 2.3588210867285257e-07], [-0.01265042745221137, 0.05443855186736351, -0.03137221878268, 0.0056610573961017015, 0.0007135008612670618, -0.00017170140857191842, -5.008082061368325e-05, 9.489645833837795e-06, -0.0013972384079101146, -0.00022811128639177905, -0.00014770468531193287, 0.000118426612835711, -3.158075292527561e-05, 3.5486551804602536e-06, -2.9713138125380807e-07, 4.156673065850578e-08], [0.0037703185067006514, -0.03137221878268, 0.02532580841372729, -0.005695586546232194, -0.0004943699605918552, 0.00017609083539800043, 4.1679520065018806e-05, -8.862928960177441e-06, -8.296045960949054e-07, 0.00026981719683055695, -4.80898250270185e-05, -3.895531485430501e-05, 2.4671255316254366e-05, -3.489874848315827e-06, -1.430759912432098e-07, 3.976737979456903e-08], [-0.0009624483500543624, 0.0056610573961017015, -0.005695586546232194, 0.001562898491836818, 8.290053969200888e-05, -5.080379178479158e-05, -9.514134151464205e-06, 2.364950273269195e-06, 0.0001404957194650651, -0.00010552954895147253, 4.272351139998956e-05, 2.261534678416034e-06, -7.145074680285409e-06, 7.839884383364613e-07, 2.396562787441048e-07, -3.6488047750918756e-08], [-0.0002083086340751202, 0.0007135008612670618, -0.0004943699605918552, 8.290053969200888e-05, 1.4339472465605413e-05, -2.311116023998625e-06, -8.929508349917733e-07, 1.4063942103874152e-07, -8.84373008217374e-05, 1.2550484167953371e-05, -1.1792525757704578e-05, 3.1312778415867355e-06, 7.460263122476976e-08, 3.5916289377079426e-08, -5.246104253574906e-08, 6.72038595400421e-09], [5.539038984310016e-05, -0.00017170140857191842, 0.00017609083539800043, -5.080379178479158e-05, -2.311116023998625e-06, 1.6910639279217587e-06, 2.973363461596823e-07, -7.742523519252622e-08, 2.0484571439531056e-05, -1.0007226342394174e-06, 2.0954565036827094e-06, -8.659274045143363e-07, 1.226849351709115e-07, 2.5072306858248644e-09, -8.961443875152083e-10, -9.341590899035758e-11], [1.1219407542207322e-05, -5.008082061368325e-05, 4.1679520065018806e-05, -9.514134151464205e-06, -8.929508349917733e-07, 2.973363461596823e-07, 7.408028635870472e-08, -1.5199017404251045e-08, -1.0185313480854714e-06, 7.7951743056474e-07, -2.5279613478026356e-07, -1.6420377761335006e-08, 4.144774821154292e-08, -7.843038143139307e-09, -9.776258584181012e-11, 8.141789671940826e-11], [-2.3573688086505925e-06, 9.489645833837795e-06, -8.862928960177441e-06, 2.364950273269195e-06, 1.4063942103874152e-07, -7.742523519252622e-08, -1.5199017404251045e-08, 3.6673807923935027e-09, -4.079927919729707e-08, -1.069811383006837e-07, 5.383258047562155e-09, 1.8705975572952075e-08, -8.883847730180682e-09, 7.735257014041063e-10, 1.7000624628034563e-10, -2.3184082277722148e-11], [-0.001495640684223554, -0.0013972384079101146, -8.296045960949054e-07, 0.0001404957194650651, -8.84373008217374e-05, 2.0484571439531056e-05, -1.0185313480854714e-06, -4.079927919729707e-08, 1.0146591854926652, -0.011911163790049818, 0.0025409877538205877, -0.0005516541459775486, -0.00023041929031824185, 4.355995935442601e-05, 1.1872970839094311e-05, -2.216180140393031e-06], [0.0016738710651050378, -0.00022811128639177905, 0.00026981719683055695, -0.00010552954895147253, 1.2550484167953371e-05, -1.0007226342394174e-06, 7.7951743056474e-07, -1.069811383006837e-07, -0.011911163790049818, 0.05597588260794636, -0.03214203936615383, 0.005772742951063729, 0.0007490584492624967, -0.0001843195089248518, -4.986681432876188e-05, 9.65175543216126e-06], [0.00010097924097486982, -0.00014770468531193287, -4.80898250270185e-05, 4.272351139998956e-05, -1.1792525757704578e-05, 2.0954565036827094e-06, -2.5279613478026356e-07, 5.383258047562155e-09, 0.0025409877538205877, -0.03214203936615383, 0.025990363048894426, -0.005829603774527805, -0.0005166451232594615, 0.0001840069958512386, 4.224108651436134e-05, -9.075126031903015e-06], [9.875204844508162e-05, 0.000118426612835711, -3.895531485430501e-05, 2.261534678416034e-06, 3.1312778415867355e-06, -8.659274045143363e-07, -1.6420377761335006e-08, 1.8705975572952075e-08, -0.0005516541459775486, 0.005772742951063729, -0.005829603774527805, 0.001607956457148298, 8.217036962043705e-05, -5.190391665328256e-05, -9.72252873123107e-06, 2.4270206665569614e-06], [5.229514131517029e-06, -3.158075292527561e-05, 2.4671255316254366e-05, -7.145074680285409e-06, 7.460263122476976e-08, 1.226849351709115e-07, 4.144774821154292e-08, -8.883847730180682e-09, -0.00023041929031824185, 0.0007490584492624967, -0.0005166451232594615, 8.217036962043705e-05, 1.6091079564596118e-05, -2.436529918201775e-06, -9.314726797044504e-07, 1.4422783810506854e-07], [-9.224466576868626e-06, 3.5486551804602536e-06, -3.489874848315827e-06, 7.839884383364613e-07, 3.5916289377079426e-08, 2.5072306858248644e-09, -7.843038143139307e-09, 7.735257014041063e-10, 4.355995935442601e-05, -0.0001843195089248518, 0.0001840069958512386, -5.190391665328256e-05, -2.436529918201775e-06, 1.695836678811399e-06, 3.088603337542211e-07, -7.89556437395373e-08], [-2.5592999434636873e-07, -2.9713138125380807e-07, -1.430759912432098e-07, 2.396562787441048e-07, -5.246104253574906e-08, -8.961443875152083e-10, -9.776258584181012e-11, 1.7000624628034563e-10, 1.1872970839094311e-05, -4.986681432876188e-05, 4.224108651436134e-05, -9.72252873123107e-06, -9.314726797044504e-07, 3.088603337542211e-07, 7.689236133319129e-08, -1.5778941751288098e-08], [2.3588210867285257e-07, 4.156673065850578e-08, 3.976737979456903e-08, -3.6488047750918756e-08, 6.72038595400421e-09, -9.341590899035758e-11, 8.141789671940826e-11, -2.3184082277722148e-11, -2.216180140393031e-06, 9.65175543216126e-06, -9.075126031903015e-06, 2.4270206665569614e-06, 1.4422783810506854e-07, -7.89556437395373e-08, -1.5778941751288098e-08, 3.780141066146908e-09]]], "B_list": [{"B_d": [[1.4638348384523023e-06], [1.2826582340850143e-08], [3.3746941965393614e-08]], "B_theta": [3.2270068670912635e-08], "B_const": [0.02005514996993254]}, {"B_d": [[5.786768891318595e-07], [1.5277995961514312e-08], [3.4644697792371463e-09]], "B_theta": [4.624463057621649e-09], "B_const": [0.0016543924175768134]}, {"B_d": [[1.5387772189212247e-08], [4.381333035685648e-10], [2.0868658914934233e-09]], "B_theta": [1.583136390775249e-09], "B_const": [0.0004327644260103204]}, {"B_d": [[7.526264241440698e-08], [3.972289065520075e-09], [2.038458023099331e-09]], "B_theta": [1.5990381207303459e-09], "B_const": [0.0002217771070046226]}, {"B_d": [[2.8488161235294316e-08], [2.270817869162247e-08], [2.2040155581938855e-09]], "B_theta": [1.603487739648342e-09], "B_const": [0.00016017714372261436]}, {"B_d": [[9.205450120069907e-08], [2.9337689273278475e-09], [2.6920545250451085e-09]], "B_theta": [1.7156529466259672e-09], "B_const": [0.00015146452379431657]}, {"B_d": [[2.0070620597971663e-07], [8.928042019513363e-09], [2.685969483762558e-09]], "B_theta": [1.931683039085041e-09], "B_const": [0.00013514985856265648]}, {"B_d": [[7.444069991414974e-08], [5.448006697720173e-10], [2.998215389717795e-09]], "B_theta": [1.933637999596825e-09], "B_const": [0.00013491072881366298]}], "bic_scores": [-19.53877578130307, -100.27317836379493, -127.93354242385249, -121.47109408179665, -95.31330084810357, -53.75020137036182, -6.53227990092978, 50.8867616209385], "best_bic": -127.93354242385249, "best_bic_A": [[0.986878233421163, -0.014601871936748079, -0.00032989713898707413, -0.001432043146069225, 0.0018849844014209563, -5.622263342035101e-06], [-0.014601871936748079, 0.01920463133951615, -0.002423452423528742, -0.0010087782016058448, -0.00017728982063312882, 3.306610630160377e-05], [-0.00032989713898707413, -0.002423452423528742, 0.00042487216574178913, 6.816522401683339e-05, -3.159541559305778e-05, -1.323199140188938e-06], [-0.001432043146069225, -0.0010087782016058448, 6.816522401683339e-05, 1.0286089642061265, -0.014281328038748589, -0.00031158730586979027], [0.0018849844014209563, -0.00017728982063312882, -3.159541559305778e-05, -0.014281328038748589, 0.02005004653802352, -0.002475800414026153], [-5.622263342035101e-06, 3.306610630160377e-05, -1.323199140188938e-06, -0.00031158730586979027, -0.002475800414026153, 0.00041989525659814664]], "best_bic_B": {"B_d": [[1.5387772189212247e-08], [4.381333035685648e-10], [2.0868658914934233e-09]], "B_theta": [1.583136390775249e-09], "B_const": [0.0004327644260103204]}, "best_bic_deg": 3, "best_bic_deg_idx": 2, "aic_scores": [-26.3930640481203, -113.12496886407723, -150.2099792910085, -156.59932144923496, -146.7204628492328, -124.86344213859061, -100.77874356966672, -69.92006908171521], "best_aic": -156.59932144923496, "best_aic_A": [[0.9767427248927806, -0.01283438343964898, 8.300533405492735e-05, -3.5792303212439144e-05, -0.0007375342883910182, 0.0008296223272458162, 0.00048457219304827925, -7.615900768478139e-05], [-0.01283438343964898, 0.03612290012651969, -0.011378407377414718, 0.001143789425429327, -0.00038321302353261204, -0.0004041853170879885, 0.00011466764715752388, -7.304472113016384e-06], [8.300533405492735e-05, -0.011378407377414718, 0.005004736216240477, -0.0005881814388144525, -0.000296979601115567, 0.00010621543085593945, -3.7249445112701257e-05, 3.688113154914349e-06], [-3.5792303212439144e-05, 0.001143789425429327, -0.0005881814388144525, 7.543231089167259e-05, 6.11513816442963e-05, -1.3259896886660473e-05, 3.5561863669967374e-06, -3.739713932984775e-07], [-0.0007375342883910182, -0.00038321302353261204, -0.000296979601115567, 6.11513816442963e-05, 1.018289836285387, -0.013236295061100536, 4.696261100386965e-05, -3.1451622874803514e-05], [0.0008296223272458162, -0.0004041853170879885, 0.00010621543085593945, -1.3259896886660473e-05, -0.013236295061100536, 0.03743211146707512, -0.0116298149320358, 0.0011730301047583487], [0.00048457219304827925, 0.00011466764715752388, -3.7249445112701257e-05, 3.5561863669967374e-06, 4.696261100386965e-05, -0.0116298149320358, 0.005094153146276907, -0.0006000633980853086], [-7.615900768478139e-05, -7.304472113016384e-06, 3.688113154914349e-06, -3.739713932984775e-07, -3.1451622874803514e-05, 0.0011730301047583487, -0.0006000633980853086, 7.676127454750865e-05]], "best_aic_B": {"B_d": [[7.526264241440698e-08], [3.972289065520075e-09], [2.038458023099331e-09]], "B_theta": [1.5990381207303459e-09], "B_const": [0.0002217771070046226]}, "best_aic_deg": 4, "best_aic_deg_idx": 3, "lr": [{"class_name": "PiecewiseConstantDecay", "config": {"boundaries": [4800], "values": [0.005, 0.005], "name": null}}, {"class_name": "PiecewiseConstantDecay", "config": {"boundaries": [4800], "values": [0.005, 0.005], "name": null}}, {"class_name": "PiecewiseConstantDecay", "config": {"boundaries": [4800], "values": [0.005, 0.005], "name": null}}, {"class_name": "PiecewiseConstantDecay", "config": {"boundaries": [4800], "values": [0.005, 0.005], "name": null}}, {"class_name": "PiecewiseConstantDecay", "config": {"boundaries": [4800], "values": [0.005, 0.005], "name": null}}, {"class_name": "PiecewiseConstantDecay", "config": {"boundaries": [4800], "values": [0.005, 0.005], "name": null}}, {"class_name": "PiecewiseConstantDecay", "config": {"boundaries": [4800], "values": [0.005, 0.005], "name": null}}, {"class_name": "PiecewiseConstantDecay", "config": {"boundaries": [4800], "values": [0.005, 0.005], "name": null}}], "optimizer": [{"class_name": "Adam", "config": {"name": "Adam", "learning_rate": 0.005, "decay": 0.0, "beta_1": 0.9, "beta_2": 0.999, "epsilon": 1e-07, "amsgrad": false}}, {"class_name": "Adam", "config": {"name": "Adam", "learning_rate": 0.005, "decay": 0.0, "beta_1": 0.9, "beta_2": 0.999, "epsilon": 1e-07, "amsgrad": false}}, {"class_name": "Adam", "config": {"name": "Adam", "learning_rate": 0.005, "decay": 0.0, "beta_1": 0.9, "beta_2": 0.999, "epsilon": 1e-07, "amsgrad": false}}, {"class_name": "Adam", "config": {"name": "Adam", "learning_rate": 0.005, "decay": 0.0, "beta_1": 0.9, "beta_2": 0.999, "epsilon": 1e-07, "amsgrad": false}}, {"class_name": "Adam", "config": {"name": "Adam", "learning_rate": 0.005, "decay": 0.0, "beta_1": 0.9, "beta_2": 0.999, "epsilon": 1e-07, "amsgrad": false}}, {"class_name": "Adam", "config": {"name": "Adam", "learning_rate": 0.005, "decay": 0.0, "beta_1": 0.9, "beta_2": 0.999, "epsilon": 1e-07, "amsgrad": false}}, {"class_name": "Adam", "config": {"name": "Adam", "learning_rate": 0.005, "decay": 0.0, "beta_1": 0.9, "beta_2": 0.999, "epsilon": 1e-07, "amsgrad": false}}, {"class_name": "Adam", "config": {"name": "Adam", "learning_rate": 0.005, "decay": 0.0, "beta_1": 0.9, "beta_2": 0.999, "epsilon": 1e-07, "amsgrad": false}}], "epochs": 80, "best_epochs": [79, 79, 79, 79, 79, 79, 79, 79], "batch_size": 1024}