{"degree": [1, 2, 3, 4, 5, 6, 7, 8], "losses": [489.21466763610454, 236.98502587507463, 72.67933154616505, -47.96269346384464, -141.19655979980976, -205.06718633431373, -224.01472262767166, -247.60945541353271], "A_list": [[[33.17401332829902, -0.5918263526486297], [-0.5918263526486297, 35.40221746975972]], [[40.47841432136722, -0.9146717370313123, -0.29300469007589797, 0.04439070384500192], [-0.9146717370313123, 0.1337094373494125, -0.10825958515423723, 0.0010445726115813452], [-0.29300469007589797, -0.10825958515423723, 45.24769939160308, -1.1165748135041869], [0.04439070384500192, 0.0010445726115813452, -1.1165748135041869, 0.1531391095542901]], [[40.32006842923102, -1.2947939649664681, 0.030936292717005553, -0.4074837025509534, 0.059365907619411254, -0.007432506194862872], [-1.2947939649664681, 0.3736096340806198, -0.018933856693293397, -0.1707338708036074, 0.007313586435965315, 0.0013888465638354915], [0.030936292717005553, -0.018933856693293397, 0.0014821748768034412, 0.009403682732381203, -0.0020374026299694007, 1.632372937586819e-05], [-0.4074837025509534, -0.1707338708036074, 0.009403682732381203, 42.7805773426961, -1.3390636568579968, 0.02292627631256054], [0.059365907619411254, 0.007313586435965315, -0.0020374026299694007, -1.3390636568579968, 0.4169430776782874, -0.020825801893724873], [-0.007432506194862872, 0.0013888465638354915, 1.632372937586819e-05, 0.02292627631256054, -0.020825801893724873, 0.0016168344922936385]], [[41.39401478264961, -1.0776416119836907, -0.003929935404164666, 0.002294040038755401, -0.5293680608722718, 0.07824737961027271, -0.006326598105958301, -6.420175971404412e-05], [-1.0776416119836907, 0.4820665447169099, -0.05471292124415124, 0.0021200548811584315, -0.12224397504117096, 0.0017962372036492958, 0.004528047856674425, -0.000297142052845525], [-0.003929935404164666, -0.05471292124415124, 0.011475008056809772, -0.000595556019709233, 0.004194879420211271, -0.0045133245769094065, 7.098412724712392e-06, 2.3235083929748063e-05], [0.002294040038755401, 0.0021200548811584315, -0.000595556019709233, 3.544613806299134e-05, 0.00018734281483925673, 0.0002761497692804627, -2.3405697298944934e-05, 5.6817080649591543e-08], [-0.5293680608722718, -0.12224397504117096, 0.004194879420211271, 0.00018734281483925673, 46.666229042353, -1.2083938358853943, -0.02895796551757426, 0.003806540993326572], [0.07824737961027271, 0.0017962372036492958, -0.0045133245769094065, 0.0002761497692804627, -1.2083938358853943, 0.5243387403962136, -0.057301429680399724, 0.0021508013426645265], [-0.006326598105958301, 0.004528047856674425, 7.098412724712392e-06, -2.3405697298944934e-05, -0.02895796551757426, -0.057301429680399724, 0.012305463166622246, -0.0006394936740675048], [-6.420175971404412e-05, -0.000297142052845525, 2.3235083929748063e-05, 5.6817080649591543e-08, 0.003806540993326572, 0.0021508013426645265, -0.0006394936740675048, 3.8286356797990864e-05]], [[41.216441658373, -0.8533974089857032, -0.02866752250382375, 0.003865834096796273, -9.448562095180999e-05, -0.7200699273339525, 0.07564838346747708, -0.0014970148695393523, -0.0006405030097721408, 1.927244922932618e-05], [-0.8533974089857032, 0.4590451784870633, -0.07296509842289188, 0.005405354113408379, -0.00014220850370402527, -0.09502467544908945, 0.002034549404311438, 0.003963614712722163, -0.0004204882133132366, 1.580331677148294e-05], [-0.02866752250382375, -0.07296509842289188, 0.025106800009279978, -0.0027977791060112803, 0.000104963571900341, -0.002184122056781664, -0.004164876927299944, 1.6800596976762405e-05, 8.317892738537957e-05, -5.725019350011147e-06], [0.003865834096796273, 0.005405354113408379, -0.0027977791060112803, 0.0003941962096620264, -1.7433131930144232e-05, 0.0006258916318641448, 0.00041420706720120547, -7.562702258733085e-05, -1.243955840941325e-06, 4.2695375083666997e-07], [-9.448562095180999e-05, -0.00014220850370402527, 0.000104963571900341, -1.7433131930144232e-05, 8.526635605097407e-07, -1.0363255996127246e-05, -1.5140712952190124e-05, 4.94099303413751e-06, -2.524816348757656e-07, -5.3095322463035026e-09], [-0.7200699273339525, -0.09502467544908945, -0.002184122056781664, 0.0006258916318641448, -1.0363255996127246e-05, 46.5304619199671, -1.0092369894909023, -0.03913637144866115, 0.00397356438812361, -5.202702846966063e-05], [0.07564838346747708, 0.002034549404311438, -0.004164876927299944, 0.00041420706720120547, -1.5140712952190124e-05, -1.0092369894909023, 0.4980097998876936, -0.07515312655037522, 0.005313325602410043, -0.0001325522101650686], [-0.0014970148695393523, 0.003963614712722163, 1.6800596976762405e-05, -7.562702258733085e-05, 4.94099303413751e-06, -0.03913637144866115, -0.07515312655037522, 0.025741477885578467, -0.0028218276686386226, 0.00010427231457932889], [-0.0006405030097721408, -0.0004204882133132366, 8.317892738537957e-05, -1.243955840941325e-06, -2.524816348757656e-07, 0.00397356438812361, 0.005313325602410043, -0.0028218276686386226, 0.00039748413253753935, -1.755132876855046e-05], [1.927244922932618e-05, 1.580331677148294e-05, -5.725019350011147e-06, 4.2695375083666997e-07, -5.3095322463035026e-09, -5.202702846966063e-05, -0.0001325522101650686, 0.00010427231457932889, -1.755132876855046e-05, 8.634587116537449e-07]], [[41.0841882483116, -0.7502619632868762, -0.04148186120638719, 0.0019465556849203368, 0.00027345538073335704, -1.4202586021170345e-05, -0.6612073251709177, 0.0763000984592322, -0.001798417970517694, -0.0003964768694123301, -3.853100262728973e-05, 3.2520648028686397e-06], [-0.7502619632868762, 0.36540226518905666, -0.058283762235750665, 0.004993050130663958, -0.00014536363386369357, -2.512479376665869e-06, -0.09047593384030492, 0.0022825277106157246, 0.001738823906096771, 4.253295012394894e-05, -1.656354665291036e-05, 6.634171125536306e-07], [-0.04148186120638719, -0.058283762235750665, 0.024127059531290695, -0.0032623260623474656, 0.0001728771746912917, -2.4168407744972784e-06, -0.004870566160887043, -0.004178139647141607, 0.0007608692820285216, -6.113690459754834e-05, 2.5340729917779388e-06, -5.1781459295874805e-08], [0.0019465556849203368, 0.004993050130663958, -0.0032623260623474656, 0.00066156932538459, -5.604005515241999e-05, 1.7221898569703275e-06, 0.000761656670230971, 0.0003746228289682127, -0.00016876020464309972, 1.674187235254943e-05, -2.5276619821313374e-07, -2.4690349885884536e-08], [0.00027345538073335704, -0.00014536363386369357, 0.0001728771746912917, -5.604005515241999e-05, 6.648298628004159e-06, -2.673249817999647e-07, 1.886670611716433e-05, -1.0483858936999737e-05, 1.0493755362240838e-05, -1.5730868153410836e-06, 5.158337084201839e-08, 1.8034046508514505e-09], [-1.4202586021170345e-05, -2.512479376665869e-06, -2.4168407744972784e-06, 1.7221898569703275e-06, -2.673249817999647e-07, 1.243304345529402e-08, -2.0550691110580047e-06, -1.4739207532516082e-07, -1.4113181347529973e-07, 4.749382284278979e-08, -3.2578225692567487e-09, 1.4901811669059416e-11], [-0.6612073251709177, -0.09047593384030492, -0.004870566160887043, 0.000761656670230971, 1.886670611716433e-05, -2.0550691110580047e-06, 46.476532719785354, -0.884946978159354, -0.0552174943676008, 0.0018085252084746126, 0.0003691230384364106, -1.599540277069005e-05], [0.0763000984592322, 0.0022825277106157246, -0.004178139647141607, 0.0003746228289682127, -1.0483858936999737e-05, -1.4739207532516082e-07, -0.884946978159354, 0.40158281206737706, -0.06052866792086041, 0.004992110287942212, -0.0001418440076685707, -2.590192197888451e-06], [-0.001798417970517694, 0.001738823906096771, 0.0007608692820285216, -0.00016876020464309972, 1.0493755362240838e-05, -1.4113181347529973e-07, -0.0552174943676008, -0.06052866792086041, 0.024858473549663238, -0.0033083917704537294, 0.00017338538226446582, -2.397477219823572e-06], [-0.0003964768694123301, 4.253295012394894e-05, -6.113690459754834e-05, 1.674187235254943e-05, -1.5730868153410836e-06, 4.749382284278979e-08, 0.0018085252084746126, 0.004992110287942212, -0.0033083917704537294, 0.0006747462554845949, -5.75727836298135e-05, 1.7829520287831677e-06], [-3.853100262728973e-05, -1.656354665291036e-05, 2.5340729917779388e-06, -2.5276619821313374e-07, 5.158337084201839e-08, -3.2578225692567487e-09, 0.0003691230384364106, -0.0001418440076685707, 0.00017338538226446582, -5.75727836298135e-05, 6.904162837701159e-06, -2.78991989080343e-07], [3.2520648028686397e-06, 6.634171125536306e-07, -5.1781459295874805e-08, -2.4690349885884536e-08, 1.8034046508514505e-09, 1.4901811669059416e-11, -1.599540277069005e-05, -2.590192197888451e-06, -2.397477219823572e-06, 1.7829520287831677e-06, -2.78991989080343e-07, 1.3005977614957715e-08]], [[40.98497695135212, -0.6763739031762266, -0.05929679175758605, 0.003143790413878145, 0.00019902375559978375, 8.645110054558826e-06, -1.703099054633957e-06, -0.6515004891328682, 0.06958523227070001, 0.0024777169203452527, -0.0009627735791730603, -5.486289871880047e-06, 1.2169106788284517e-06, 1.3502161443678848e-07], [-0.6763739031762266, 0.33382432163063624, -0.05628642035643025, 0.004702058243246841, 0.0001664354587440854, -5.916446714729853e-05, 2.9110743229826105e-06, -0.09309368239480567, -0.002140877764473151, 0.004638376533507779, -0.00038743751342269685, 3.3296074971133117e-06, 7.300074852728836e-07, -1.6684757039840773e-08], [-0.05929679175758605, -0.05628642035643025, 0.02797866301860471, -0.0037628496082551155, 1.8622217798517654e-05, 3.085373006002583e-05, -1.684431006081092e-06, -0.0044479667378324915, -0.0017475788022910266, -0.00067730374747356, 0.00021077465165241923, -1.8210549159786652e-05, 3.7543374588671724e-07, 1.2122486035589946e-08], [0.003143790413878145, 0.004702058243246841, -0.0037628496082551155, 0.0007310152841560552, -3.369406262002294e-05, -3.1338120445638135e-06, 2.4631905126571164e-07, 0.0007021690565011637, -1.227151507099183e-05, 4.26320742437181e-05, -3.0963019250664595e-05, 4.881819509803562e-06, -2.7952520547543365e-07, 4.275496193898327e-09], [0.00019902375559978375, 0.0001664354587440854, 1.8622217798517654e-05, -3.369406262002294e-05, 6.716532100160157e-06, -4.943978732685053e-07, 1.2105016269621756e-08, 4.139327727724624e-05, 2.844735900104896e-05, -9.679959929872217e-06, 2.817101554302445e-06, -4.989625858150769e-07, 4.192282968948006e-08, -1.2755959168274381e-09], [8.645110054558826e-06, -5.916446714729853e-05, 3.085373006002583e-05, -3.1338120445638135e-06, -4.943978732685053e-07, 1.0233190072336099e-07, -4.673406279107882e-09, -4.3742156972849614e-06, -3.202212790627479e-06, 1.5760493742396461e-06, -2.140817899292756e-07, 2.0129404253158416e-08, -1.92043976128541e-09, 8.780296587612389e-11], [-1.703099054633957e-06, 2.9110743229826105e-06, -1.684431006081092e-06, 2.4631905126571164e-07, 1.2105016269621756e-08, -4.673406279107882e-09, 2.424263294700963e-10, 3.021508375861104e-08, 1.239054257512334e-07, -7.541898750822379e-08, 8.614058379275396e-09, -2.0761243430854966e-10, 6.17652240025042e-12, -1.3047324859500482e-12], [-0.6515004891328682, -0.09309368239480567, -0.0044479667378324915, 0.0007021690565011637, 4.139327727724624e-05, -4.3742156972849614e-06, 3.021508375861104e-08, 46.36159379422979, -0.814819772086506, -0.07357893786705533, 0.002925521657854195, 0.0003285427668899033, 8.418309462244936e-06, -1.9902069826506786e-06], [0.06958523227070001, -0.002140877764473151, -0.0017475788022910266, -1.227151507099183e-05, 2.844735900104896e-05, -3.202212790627479e-06, 1.239054257512334e-07, -0.814819772086506, 0.36947648935175725, -0.059044979804336525, 0.004782750406373278, 0.00017181539063085367, -6.040580422936767e-05, 2.9640629970592593e-06], [0.0024777169203452527, 0.004638376533507779, -0.00067730374747356, 4.26320742437181e-05, -9.679959929872217e-06, 1.5760493742396461e-06, -7.541898750822379e-08, -0.07357893786705533, -0.059044979804336525, 0.029421874174467795, -0.00390993211017949, 1.9926135550165763e-05, 3.1459641731723464e-05, -1.7097607251428585e-06], [-0.0009627735791730603, -0.00038743751342269685, 0.00021077465165241923, -3.0963019250664595e-05, 2.817101554302445e-06, -2.140817899292756e-07, 8.614058379275396e-09, 0.002925521657854195, 0.004782750406373278, -0.00390993211017949, 0.0007642713002125115, -3.6351267479608725e-05, -3.1105260353373544e-06, 2.5038649330342826e-07], [-5.486289871880047e-06, 3.3296074971133117e-06, -1.8210549159786652e-05, 4.881819509803562e-06, -4.989625858150769e-07, 2.0129404253158416e-08, -2.0761243430854966e-10, 0.0003285427668899033, 0.00017181539063085367, 1.9926135550165763e-05, -3.6351267479608725e-05, 7.23153475175823e-06, -5.312525364202859e-07, 1.2961753154129481e-08], [1.2169106788284517e-06, 7.300074852728836e-07, 3.7543374588671724e-07, -2.7952520547543365e-07, 4.192282968948006e-08, -1.92043976128541e-09, 6.17652240025042e-12, 8.418309462244936e-06, -6.040580422936767e-05, 3.1459641731723464e-05, -3.1105260353373544e-06, -5.312525364202859e-07, 1.0752992290278159e-07, -4.8894036974737e-09], [1.3502161443678848e-07, -1.6684757039840773e-08, 1.2122486035589946e-08, 4.275496193898327e-09, -1.2755959168274381e-09, 8.780296587612389e-11, -1.3047324859500482e-12, -1.9902069826506786e-06, 2.9640629970592593e-06, -1.7097607251428585e-06, 2.5038649330342826e-07, 1.2961753154129481e-08, -4.8894036974737e-09, 2.535738525904537e-10]], [[41.03487943750409, -0.695671152254144, -0.04464879917760189, -0.00011597597521131582, 0.0005164653778655543, -1.873466500774417e-05, 1.1490828690447131e-06, -1.335059130930053e-07, -0.6810872729695352, 0.07078842618920156, -0.001492160414211167, -9.751611948886267e-05, -6.361302405641661e-05, 3.5555641353308857e-06, -1.2830942320192272e-07, 1.282989249873147e-08], [-0.695671152254144, 0.320135550846989, -0.045793940202894144, 0.003100845775752938, 8.912491380514658e-05, -2.0950320256097782e-05, -2.7904169185417204e-07, 8.351023203107399e-08, -0.09381051334874743, 0.0018748457046695404, 0.001565607621804679, 0.0001656519580991566, -3.073954801914104e-05, 5.301113585588591e-07, 8.697193454495764e-08, -3.081659715531761e-09], [-0.04464879917760189, -0.045793940202894144, 0.02047547636223384, -0.002511340716828809, 2.1099029281691224e-05, 1.3952432188898342e-05, -3.8446728829612553e-07, -2.4506702103567506e-08, -0.004891987242714773, -0.0037398636956223166, 0.0006369003109350854, -5.433899472085501e-05, 1.374385029228868e-06, 3.965596154235988e-07, -5.4626917764920045e-08, 2.0963758706979446e-09], [-0.00011597597521131582, 0.003100845775752938, -0.002511340716828809, 0.0005175872053340771, -2.8234696117130814e-05, -2.467811991712922e-06, 3.0857510682036164e-07, -7.857807574622484e-09, 0.0007584659407483245, 0.0002820226844880361, -0.00011903447309117173, 6.154053373488992e-06, 1.4455548501058366e-06, -1.6075789486102323e-07, 5.739160299835066e-10, 3.14408191662168e-10], [0.0005164653778655543, 8.912491380514658e-05, 2.1099029281691224e-05, -2.8234696117130814e-05, 4.42020902939338e-06, 4.845638680758355e-08, -4.934751085861845e-08, 2.5251903453368513e-09, 1.4823406506350706e-05, -3.2584838067952108e-06, 8.888626406450425e-07, 5.544080942151075e-07, -2.0531416384301093e-07, 1.4220666683111498e-08, 9.717329013482755e-10, -9.658059144546381e-11], [-1.873466500774417e-05, -2.0950320256097782e-05, 1.3952432188898342e-05, -2.467811991712922e-06, 4.845638680758355e-08, 1.612072594750428e-08, -3.825074508448467e-10, -4.499584656798962e-11, 1.337324754062441e-06, 7.950516431227668e-07, 4.3076389647989184e-07, -6.97760825354826e-08, -1.3376845612625805e-09, 5.915070389052841e-10, -3.701858127560662e-11, 1.4197850568319395e-12], [1.1490828690447131e-06, -2.7904169185417204e-07, -3.8446728829612553e-07, 3.0857510682036164e-07, -4.934751085861845e-08, -3.825074508448467e-10, 5.646927308628946e-10, -3.0049686280059653e-11, -3.2596381634757495e-07, -1.7799312326662315e-07, 4.271026502055398e-08, -8.557131263887323e-09, 1.825162768190914e-09, -1.239344257553587e-10, -6.533660896472789e-12, 6.940738575214032e-13], [-1.335059130930053e-07, 8.351023203107399e-08, -2.4506702103567506e-08, -7.857807574622484e-09, 2.5251903453368513e-09, -4.499584656798962e-11, -3.0049686280059653e-11, 1.896988060844416e-12, 4.607873178258126e-09, 7.961125763788087e-09, -4.404045578168057e-09, 8.233970714746153e-10, -9.04948297670342e-11, 3.669279537072718e-12, 3.927914535701887e-13, -3.300790476353009e-14], [-0.6810872729695352, -0.09381051334874743, -0.004891987242714773, 0.0007584659407483245, 1.4823406506350706e-05, 1.337324754062441e-06, -3.2596381634757495e-07, 4.607873178258126e-09, 46.2674350542667, -0.8348982713429774, -0.06942826467410917, 0.00301358908472561, 0.00021471460921894508, 2.4073298032181492e-05, -2.6819299878614183e-06, 5.785114453704573e-10], [0.07078842618920156, 0.0018748457046695404, -0.0037398636956223166, 0.0002820226844880361, -3.2584838067952108e-06, 7.950516431227668e-07, -1.7799312326662315e-07, 7.961125763788087e-09, -0.8348982713429774, 0.35189925234899583, -0.04873420329264658, 0.0033064571723338543, 9.039698931345376e-05, -2.072267352442915e-05, -5.575512753735384e-07, 1.021547256560801e-07], [-0.001492160414211167, 0.001565607621804679, 0.0006369003109350854, -0.00011903447309117173, 8.888626406450425e-07, 4.3076389647989184e-07, 4.271026502055398e-08, -4.404045578168057e-09, -0.06942826467410917, -0.04873420329264658, 0.021931629723494595, -0.0025884083271550565, 8.666516367541138e-06, 1.4390628306145258e-05, -2.3493358750422068e-07, -3.398985967511632e-08], [-9.751611948886267e-05, 0.0001656519580991566, -5.433899472085501e-05, 6.154053373488992e-06, 5.544080942151075e-07, -6.97760825354826e-08, -8.557131263887323e-09, 8.233970714746153e-10, 0.00301358908472561, 0.0033064571723338543, -0.0025884083271550565, 0.0005087611525511551, -2.5039180059776678e-05, -2.5597817142010877e-06, 2.83604591726912e-07, -6.2918853594096005e-09], [-6.361302405641661e-05, -3.073954801914104e-05, 1.374385029228868e-06, 1.4455548501058366e-06, -2.0531416384301093e-07, -1.3376845612625805e-09, 1.825162768190914e-09, -9.04948297670342e-11, 0.00021471460921894508, 9.039698931345376e-05, 8.666516367541138e-06, -2.5039180059776678e-05, 4.185038382650432e-06, 4.135493147701552e-08, -4.779987097763005e-08, 2.479133276937098e-09], [3.5555641353308857e-06, 5.301113585588591e-07, 3.965596154235988e-07, -1.6075789486102323e-07, 1.4220666683111498e-08, 5.915070389052841e-10, -1.239344257553587e-10, 3.669279537072718e-12, 2.4073298032181492e-05, -2.072267352442915e-05, 1.4390628306145258e-05, -2.5597817142010877e-06, 4.135493147701552e-08, 1.7602774052190378e-08, -3.3855333345699507e-10, -5.341613798120543e-11], [-1.2830942320192272e-07, 8.697193454495764e-08, -5.4626917764920045e-08, 5.739160299835066e-10, 9.717329013482755e-10, -3.701858127560662e-11, -6.533660896472789e-12, 3.927914535701887e-13, -2.6819299878614183e-06, -5.575512753735384e-07, -2.3493358750422068e-07, 2.83604591726912e-07, -4.779987097763005e-08, -3.3855333345699507e-10, 5.552951153093234e-10, -2.974601113602222e-11], [1.282989249873147e-08, -3.081659715531761e-09, 2.0963758706979446e-09, 3.14408191662168e-10, -9.658059144546381e-11, 1.4197850568319395e-12, 6.940738575214032e-13, -3.300790476353009e-14, 5.785114453704573e-10, 1.021547256560801e-07, -3.398985967511632e-08, -6.2918853594096005e-09, 2.479133276937098e-09, -5.341613798120543e-11, -2.974601113602222e-11, 1.9168642620673337e-12]]], "B_list": [{"B_d": [[3.2803311329190437], [0.5501279652942289], [6.592970712776473e-06]], "B_theta": [1.7928788274428394e-07], "B_const": [5.8896407921266185]}, {"B_d": [[0.43231711337847945], [6.26844554556112e-06], [1.9695382821728456e-07]], "B_theta": [2.7412168935831026e-08], "B_const": [0.45441832155637407]}, {"B_d": [[0.04605476326315547], [5.290957692675316e-08], [1.2563892908824194e-08]], "B_theta": [8.580990011620868e-09], "B_const": [0.07610809585999807]}, {"B_d": [[0.01303547903309303], [2.680718300926517e-08], [3.742700456470493e-09]], "B_theta": [2.0673176448193624e-09], "B_const": [0.01673596269172776]}, {"B_d": [[0.004996832156646001], [1.961755170950213e-05], [3.960766708937039e-07]], "B_theta": [6.175449676489911e-10], "B_const": [0.004822708549144574]}, {"B_d": [[0.0017479752923082366], [4.5059543701746714e-05], [3.377868873693216e-07]], "B_theta": [6.485175472761944e-10], "B_const": [0.0018050097552768651]}, {"B_d": [[0.0011830249812324984], [6.80157744507548e-05], [1.266855982593332e-07]], "B_theta": [1.3319357818622676e-10], "B_const": [0.0012881827948403228]}, {"B_d": [[0.0008376447464317141], [4.578364059975568e-05], [4.479004247850231e-07]], "B_theta": [3.7174319878240955e-08], "B_const": [0.0008544062541022702]}], "bic_scores": [507.25810566217194, 270.816472173951, 131.3205051308841, 44.50992641975078, -5.870774604304273, -17.86651681386448, 24.08255023075509, 70.40613979590518], "best_bic": -17.86651681386448, "best_bic_A": [[41.0841882483116, -0.7502619632868762, -0.04148186120638719, 0.0019465556849203368, 0.00027345538073335704, -1.4202586021170345e-05, -0.6612073251709177, 0.0763000984592322, -0.001798417970517694, -0.0003964768694123301, -3.853100262728973e-05, 3.2520648028686397e-06], [-0.7502619632868762, 0.36540226518905666, -0.058283762235750665, 0.004993050130663958, -0.00014536363386369357, -2.512479376665869e-06, -0.09047593384030492, 0.0022825277106157246, 0.001738823906096771, 4.253295012394894e-05, -1.656354665291036e-05, 6.634171125536306e-07], [-0.04148186120638719, -0.058283762235750665, 0.024127059531290695, -0.0032623260623474656, 0.0001728771746912917, -2.4168407744972784e-06, -0.004870566160887043, -0.004178139647141607, 0.0007608692820285216, -6.113690459754834e-05, 2.5340729917779388e-06, -5.1781459295874805e-08], [0.0019465556849203368, 0.004993050130663958, -0.0032623260623474656, 0.00066156932538459, -5.604005515241999e-05, 1.7221898569703275e-06, 0.000761656670230971, 0.0003746228289682127, -0.00016876020464309972, 1.674187235254943e-05, -2.5276619821313374e-07, -2.4690349885884536e-08], [0.00027345538073335704, -0.00014536363386369357, 0.0001728771746912917, -5.604005515241999e-05, 6.648298628004159e-06, -2.673249817999647e-07, 1.886670611716433e-05, -1.0483858936999737e-05, 1.0493755362240838e-05, -1.5730868153410836e-06, 5.158337084201839e-08, 1.8034046508514505e-09], [-1.4202586021170345e-05, -2.512479376665869e-06, -2.4168407744972784e-06, 1.7221898569703275e-06, -2.673249817999647e-07, 1.243304345529402e-08, -2.0550691110580047e-06, -1.4739207532516082e-07, -1.4113181347529973e-07, 4.749382284278979e-08, -3.2578225692567487e-09, 1.4901811669059416e-11], [-0.6612073251709177, -0.09047593384030492, -0.004870566160887043, 0.000761656670230971, 1.886670611716433e-05, -2.0550691110580047e-06, 46.476532719785354, -0.884946978159354, -0.0552174943676008, 0.0018085252084746126, 0.0003691230384364106, -1.599540277069005e-05], [0.0763000984592322, 0.0022825277106157246, -0.004178139647141607, 0.0003746228289682127, -1.0483858936999737e-05, -1.4739207532516082e-07, -0.884946978159354, 0.40158281206737706, -0.06052866792086041, 0.004992110287942212, -0.0001418440076685707, -2.590192197888451e-06], [-0.001798417970517694, 0.001738823906096771, 0.0007608692820285216, -0.00016876020464309972, 1.0493755362240838e-05, -1.4113181347529973e-07, -0.0552174943676008, -0.06052866792086041, 0.024858473549663238, -0.0033083917704537294, 0.00017338538226446582, -2.397477219823572e-06], [-0.0003964768694123301, 4.253295012394894e-05, -6.113690459754834e-05, 1.674187235254943e-05, -1.5730868153410836e-06, 4.749382284278979e-08, 0.0018085252084746126, 0.004992110287942212, -0.0033083917704537294, 0.0006747462554845949, -5.75727836298135e-05, 1.7829520287831677e-06], [-3.853100262728973e-05, -1.656354665291036e-05, 2.5340729917779388e-06, -2.5276619821313374e-07, 5.158337084201839e-08, -3.2578225692567487e-09, 0.0003691230384364106, -0.0001418440076685707, 0.00017338538226446582, -5.75727836298135e-05, 6.904162837701159e-06, -2.78991989080343e-07], [3.2520648028686397e-06, 6.634171125536306e-07, -5.1781459295874805e-08, -2.4690349885884536e-08, 1.8034046508514505e-09, 1.4901811669059416e-11, -1.599540277069005e-05, -2.590192197888451e-06, -2.397477219823572e-06, 1.7829520287831677e-06, -2.78991989080343e-07, 1.3005977614957715e-08]], "best_bic_B": {"B_d": [[0.0017479752923082366], [4.5059543701746714e-05], [3.377868873693216e-07]], "B_theta": [6.485175472761944e-10], "B_const": [0.0018050097552768651]}, "best_bic_deg": 6, "best_bic_deg_idx": 5, "aic_scores": [497.21466763610454, 251.98502587507463, 98.67933154616505, -6.962693463844637, -81.19655979980976, -122.06718633431373, -114.01472262767166, -106.60945541353271], "best_aic": -122.06718633431373, "best_aic_A": [[41.0841882483116, -0.7502619632868762, -0.04148186120638719, 0.0019465556849203368, 0.00027345538073335704, -1.4202586021170345e-05, -0.6612073251709177, 0.0763000984592322, -0.001798417970517694, -0.0003964768694123301, -3.853100262728973e-05, 3.2520648028686397e-06], [-0.7502619632868762, 0.36540226518905666, -0.058283762235750665, 0.004993050130663958, -0.00014536363386369357, -2.512479376665869e-06, -0.09047593384030492, 0.0022825277106157246, 0.001738823906096771, 4.253295012394894e-05, -1.656354665291036e-05, 6.634171125536306e-07], [-0.04148186120638719, -0.058283762235750665, 0.024127059531290695, -0.0032623260623474656, 0.0001728771746912917, -2.4168407744972784e-06, -0.004870566160887043, -0.004178139647141607, 0.0007608692820285216, -6.113690459754834e-05, 2.5340729917779388e-06, -5.1781459295874805e-08], [0.0019465556849203368, 0.004993050130663958, -0.0032623260623474656, 0.00066156932538459, -5.604005515241999e-05, 1.7221898569703275e-06, 0.000761656670230971, 0.0003746228289682127, -0.00016876020464309972, 1.674187235254943e-05, -2.5276619821313374e-07, -2.4690349885884536e-08], [0.00027345538073335704, -0.00014536363386369357, 0.0001728771746912917, -5.604005515241999e-05, 6.648298628004159e-06, -2.673249817999647e-07, 1.886670611716433e-05, -1.0483858936999737e-05, 1.0493755362240838e-05, -1.5730868153410836e-06, 5.158337084201839e-08, 1.8034046508514505e-09], [-1.4202586021170345e-05, -2.512479376665869e-06, -2.4168407744972784e-06, 1.7221898569703275e-06, -2.673249817999647e-07, 1.243304345529402e-08, -2.0550691110580047e-06, -1.4739207532516082e-07, -1.4113181347529973e-07, 4.749382284278979e-08, -3.2578225692567487e-09, 1.4901811669059416e-11], [-0.6612073251709177, -0.09047593384030492, -0.004870566160887043, 0.000761656670230971, 1.886670611716433e-05, -2.0550691110580047e-06, 46.476532719785354, -0.884946978159354, -0.0552174943676008, 0.0018085252084746126, 0.0003691230384364106, -1.599540277069005e-05], [0.0763000984592322, 0.0022825277106157246, -0.004178139647141607, 0.0003746228289682127, -1.0483858936999737e-05, -1.4739207532516082e-07, -0.884946978159354, 0.40158281206737706, -0.06052866792086041, 0.004992110287942212, -0.0001418440076685707, -2.590192197888451e-06], [-0.001798417970517694, 0.001738823906096771, 0.0007608692820285216, -0.00016876020464309972, 1.0493755362240838e-05, -1.4113181347529973e-07, -0.0552174943676008, -0.06052866792086041, 0.024858473549663238, -0.0033083917704537294, 0.00017338538226446582, -2.397477219823572e-06], [-0.0003964768694123301, 4.253295012394894e-05, -6.113690459754834e-05, 1.674187235254943e-05, -1.5730868153410836e-06, 4.749382284278979e-08, 0.0018085252084746126, 0.004992110287942212, -0.0033083917704537294, 0.0006747462554845949, -5.75727836298135e-05, 1.7829520287831677e-06], [-3.853100262728973e-05, -1.656354665291036e-05, 2.5340729917779388e-06, -2.5276619821313374e-07, 5.158337084201839e-08, -3.2578225692567487e-09, 0.0003691230384364106, -0.0001418440076685707, 0.00017338538226446582, -5.75727836298135e-05, 6.904162837701159e-06, -2.78991989080343e-07], [3.2520648028686397e-06, 6.634171125536306e-07, -5.1781459295874805e-08, -2.4690349885884536e-08, 1.8034046508514505e-09, 1.4901811669059416e-11, -1.599540277069005e-05, -2.590192197888451e-06, -2.397477219823572e-06, 1.7829520287831677e-06, -2.78991989080343e-07, 1.3005977614957715e-08]], "best_aic_B": {"B_d": [[0.0017479752923082366], [4.5059543701746714e-05], [3.377868873693216e-07]], "B_theta": [6.485175472761944e-10], "B_const": [0.0018050097552768651]}, "best_aic_deg": 6, "best_aic_deg_idx": 5, "lr": [{"class_name": "PiecewiseConstantDecay", "config": {"boundaries": [8790], "values": [0.005, 0.005], "name": null}}, {"class_name": "PiecewiseConstantDecay", "config": {"boundaries": [8790], "values": [0.005, 0.005], "name": null}}, {"class_name": "PiecewiseConstantDecay", "config": {"boundaries": [8790], "values": [0.005, 0.005], "name": null}}, {"class_name": "PiecewiseConstantDecay", "config": {"boundaries": [8790], "values": [0.005, 0.005], "name": null}}, {"class_name": "PiecewiseConstantDecay", "config": {"boundaries": [8790], "values": [0.005, 0.005], "name": null}}, {"class_name": "PiecewiseConstantDecay", "config": {"boundaries": [8790], "values": [0.005, 0.005], "name": null}}, {"class_name": "PiecewiseConstantDecay", "config": {"boundaries": [8790], "values": [0.005, 0.005], "name": null}}, {"class_name": "PiecewiseConstantDecay", "config": {"boundaries": [8790], "values": [0.005, 0.005], "name": null}}], "optimizer": [{"class_name": "Adam", "config": {"name": "Adam", "learning_rate": {"class_name": "PiecewiseConstantDecay", "config": {"boundaries": [8790], "values": [0.005, 0.005], "name": null}}, "decay": 0.0, "beta_1": 0.9, "beta_2": 0.999, "epsilon": 1e-07, "amsgrad": false}}, {"class_name": "Adam", "config": {"name": "Adam", "learning_rate": {"class_name": "PiecewiseConstantDecay", "config": {"boundaries": [8790], "values": [0.005, 0.005], "name": null}}, "decay": 0.0, "beta_1": 0.9, "beta_2": 0.999, "epsilon": 1e-07, "amsgrad": false}}, {"class_name": "Adam", "config": {"name": "Adam", "learning_rate": {"class_name": "PiecewiseConstantDecay", "config": {"boundaries": [8790], "values": [0.005, 0.005], "name": null}}, "decay": 0.0, "beta_1": 0.9, "beta_2": 0.999, "epsilon": 1e-07, "amsgrad": false}}, {"class_name": "Adam", "config": {"name": "Adam", "learning_rate": {"class_name": "PiecewiseConstantDecay", "config": {"boundaries": [8790], "values": [0.005, 0.005], "name": null}}, "decay": 0.0, "beta_1": 0.9, "beta_2": 0.999, "epsilon": 1e-07, "amsgrad": false}}, {"class_name": "Adam", "config": {"name": "Adam", "learning_rate": {"class_name": "PiecewiseConstantDecay", "config": {"boundaries": [8790], "values": [0.005, 0.005], "name": null}}, "decay": 0.0, "beta_1": 0.9, "beta_2": 0.999, "epsilon": 1e-07, "amsgrad": false}}, {"class_name": "Adam", "config": {"name": "Adam", "learning_rate": {"class_name": "PiecewiseConstantDecay", "config": {"boundaries": [8790], "values": [0.005, 0.005], "name": null}}, "decay": 0.0, "beta_1": 0.9, "beta_2": 0.999, "epsilon": 1e-07, "amsgrad": false}}, {"class_name": "Adam", "config": {"name": "Adam", "learning_rate": 0.01, "decay": 0.0, "beta_1": 0.9, "beta_2": 0.999, "epsilon": 1e-07, "amsgrad": false}}, {"class_name": "Adam", "config": {"name": "Adam", "learning_rate": {"class_name": "PiecewiseConstantDecay", "config": {"boundaries": [8790], "values": [0.005, 0.005], "name": null}}, "decay": 0.0, "beta_1": 0.9, "beta_2": 0.999, "epsilon": 1e-07, "amsgrad": false}}], "epochs": 70, "best_epochs": [69, 68, 69, 69, 69, 69, 69, 69], "batch_size": 1024}