{"degree": [1, 2, 3, 4, 5, 6, 7, 8], "losses": [139.92287540859547, -44.344976609603734, -163.52981030645566, -247.77090346188112, -312.0075827719004, -354.20002457273074, -360.13038261798977, -365.9298878876854], "A_list": [[[0.8868276572859581, -0.0033442386777509754], [-0.0033442386777509754, 0.9282870131261476]], [[0.9823177797153083, -0.015075344831163504, -0.0033518517457001734, 0.0012934472917275246], [-0.015075344831163504, 0.0024744596535451746, -0.0008994236845167891, -6.491212001592077e-06], [-0.0033518517457001734, -0.0008994236845167891, 1.0230498865381035, -0.015939390156310487], [0.0012934472917275246, -6.491212001592077e-06, -0.015939390156310487, 0.0026384905662749534]], [[0.9700694184876784, -0.02725122653147816, 0.0008416627355949874, -0.004743129387067985, 0.001612479651570738, -3.0187668304989383e-05], [-0.02725122653147816, 0.012968590185337876, -0.0008046313905570572, -0.0008769405905172626, -0.00011432367534835941, 9.95978218151927e-06], [0.0008416627355949874, -0.0008046313905570572, 6.151333151974425e-05, 1.4940048146050656e-05, -2.18956526415559e-06, -9.491408958519633e-08], [-0.004743129387067985, -0.0008769405905172626, 1.4940048146050656e-05, 1.0054734705147215, -0.027340410664767865, 0.0007838391843209084], [0.001612479651570738, -0.00011432367534835941, -2.18956526415559e-06, -0.027340410664767865, 0.013552584432805125, -0.0008381503214243268], [-3.0187668304989383e-05, 9.95978218151927e-06, -9.491408958519633e-08, 0.0007838391843209084, -0.0008381503214243268, 6.374666425230818e-05]], [[0.9535527841983436, -0.035516904446010834, 0.0030634433305603607, -0.00011907104825318746, -0.0052680511031853285, 0.0015539827236056797, -7.113258127252376e-05, 3.716450000386229e-06], [-0.035516904446010834, 0.03137535333026662, -0.004785827257400898, 0.0002268876549685056, -0.0002748586458713016, -0.0002749519055663286, 7.511155969861389e-05, -4.7186535942779855e-06], [0.0030634433305603607, -0.004785827257400898, 0.0009137946448897216, -4.868381872756038e-05, -5.278110638080443e-05, 1.3653583522342492e-05, -7.81755414967824e-06, 6.030443697442432e-07], [-0.00011907104825318746, 0.0002268876549685056, -4.868381872756038e-05, 2.776489866323073e-06, 1.5358883760005958e-06, -2.589222746824931e-07, 2.982229493782096e-07, -2.670536938437273e-08], [-0.0052680511031853285, -0.0002748586458713016, -5.278110638080443e-05, 1.5358883760005958e-06, 0.9857227058265594, -0.03457065467538982, 0.00286647628765612, -0.00010948195184397193], [0.0015539827236056797, -0.0002749519055663286, 1.3653583522342492e-05, -2.589222746824931e-07, -0.03457065467538982, 0.031842420432616154, -0.004837410025566844, 0.00022823587136254597], [-7.113258127252376e-05, 7.511155969861389e-05, -7.81755414967824e-06, 2.982229493782096e-07, 0.00286647628765612, -0.004837410025566844, 0.0009268348424404763, -4.943231284150308e-05], [3.716450000386229e-06, -4.7186535942779855e-06, 6.030443697442432e-07, -2.670536938437273e-08, -0.00010948195184397193, 0.00022823587136254597, -4.943231284150308e-05, 2.8297291002147693e-06]], [[0.9303426617248463, -0.030154297398027788, 0.003616019203796573, -0.0002744244034456859, 6.391647472407308e-06, -0.006346636528295903, 0.001262479463434624, 1.215307132220247e-05, -4.838605414060683e-06, 5.709264153425849e-07], [-0.030154297398027788, 0.03762447386594987, -0.00881457227583773, 0.0008544932112330375, -2.96072897582867e-05, 0.00015338765873801094, -0.0003068450037239774, 9.92256567682255e-05, -9.263397781159465e-06, 2.2974509470613722e-07], [0.003616019203796573, -0.00881457227583773, 0.002871380886863351, -0.00034083938349638244, 1.3815401344712524e-05, -0.00021393192351740607, 5.196490230730177e-05, -2.3350808515445666e-05, 3.088784008252777e-06, -1.267620076533896e-07], [-0.0002744244034456859, 0.0008544932112330375, -0.00034083938349638244, 4.5914097832463174e-05, -2.0352418597366145e-06, 2.334094199220823e-05, -4.1315647572454705e-06, 2.0869568088955545e-06, -3.252240571458733e-07, 1.5747405125084792e-08], [6.391647472407308e-06, -2.96072897582867e-05, 1.3815401344712524e-05, -2.0352418597366145e-06, 9.57720303666737e-08, -9.969531037982987e-07, 1.5605471999496912e-07, -8.105714897281091e-08, 1.3664852071279731e-08, -7.246685844505716e-10], [-0.006346636528295903, 0.00015338765873801094, -0.00021393192351740607, 2.334094199220823e-05, -9.969531037982987e-07, 0.9654165127099037, -0.030241144668712486, 0.0038389333709413923, -0.0003218646472364183, 9.317936342927878e-06], [0.001262479463434624, -0.0003068450037239774, 5.196490230730177e-05, -4.1315647572454705e-06, 1.5605471999496912e-07, -0.030241144668712486, 0.037828359081954074, -0.008827662646858291, 0.0008525616820541787, -2.9553104561618668e-05], [1.215307132220247e-05, 9.92256567682255e-05, -2.3350808515445666e-05, 2.0869568088955545e-06, -8.105714897281091e-08, 0.0038389333709413923, -0.008827662646858291, 0.0028851093573898814, -0.00034202159557941356, 1.3863701927487056e-05], [-4.838605414060683e-06, -9.263397781159465e-06, 3.088784008252777e-06, -3.252240571458733e-07, 1.3664852071279731e-08, -0.0003218646472364183, 0.0008525616820541787, -0.00034202159557941356, 4.6061060820387184e-05, -2.042837405764213e-06], [5.709264153425849e-07, 2.2974509470613722e-07, -1.267620076533896e-07, 1.5747405125084792e-08, -7.246685844505716e-10, 9.317936342927878e-06, -2.9553104561618668e-05, 1.3863701927487056e-05, -2.042837405764213e-06, 9.623378088755676e-08]], [[0.9144804992614629, -0.020837913125599274, 0.002357596297602722, -0.00024439378757561397, 5.099194326338804e-06, 4.02574720515445e-07, -0.006677646136048351, 0.0009958264307734846, 4.167027667787277e-05, -1.4454265418722229e-05, 2.275464512138917e-06, -1.0448959872730396e-07], [-0.020837913125599274, 0.03354555949265387, -0.008652011953171765, 0.0009130589501017758, -3.140062194943552e-05, -2.987532381079851e-07, 0.00022131973647505004, -0.0004873355656143629, 0.00020684491878392568, -2.8945782740293295e-05, 1.561945047583489e-06, -2.3155153785565517e-08], [0.002357596297602722, -0.008652011953171765, 0.003297710373798078, -0.00048601604309388217, 3.0248308567486886e-05, -6.190695208526384e-07, -0.00028302443855580007, 0.00020850508502622719, -9.990077964154444e-05, 1.7560332924982556e-05, -1.320517150636658e-06, 3.5551655094803487e-08], [-0.00024439378757561397, 0.0009130589501017758, -0.00048601604309388217, 9.795382933041865e-05, -8.640872970506108e-06, 2.8122665737482275e-07, 3.9171699083652595e-05, -4.2109905672824306e-05, 2.0764781747071363e-05, -4.013252278345906e-06, 3.4461404642666413e-07, -1.0835466050326021e-08], [5.099194326338804e-06, -3.140062194943552e-05, 3.0248308567486886e-05, -8.640872970506108e-06, 9.775748177850678e-07, -3.8709543746680074e-08, -2.4363061114881884e-06, 3.9568659274745036e-06, -1.9871557225247986e-06, 4.020432476876385e-07, -3.685619860953545e-08, 1.2387812894264728e-09], [4.02574720515445e-07, -2.987532381079851e-07, -6.190695208526384e-07, 2.8122665737482275e-07, -3.8709543746680074e-08, 1.718983549798499e-09, 5.1631052002112134e-08, -1.390001442575469e-07, 7.157350156164186e-08, -1.4927867783644754e-08, 1.4241251017056e-09, -4.968968512783605e-11], [-0.006677646136048351, 0.00022131973647505004, -0.00028302443855580007, 3.9171699083652595e-05, -2.4363061114881884e-06, 5.1631052002112134e-08, 0.9508090870557002, -0.021617330877999743, 0.0026479567235592337, -0.0002807033124083125, 5.235169822545341e-06, 5.365382071322806e-07], [0.0009958264307734846, -0.0004873355656143629, 0.00020850508502622719, -4.2109905672824306e-05, 3.9568659274745036e-06, -1.390001442575469e-07, -0.021617330877999743, 0.033908104359191796, -0.008631974753050395, 0.0008816701503786785, -2.6636985946417588e-05, -5.222005152743977e-07], [4.167027667787277e-05, 0.00020684491878392568, -9.990077964154444e-05, 2.0764781747071363e-05, -1.9871557225247986e-06, 7.157350156164186e-08, 0.0026479567235592337, -0.008631974753050395, 0.003249847912575417, -0.0004662847471716379, 2.767385901281324e-05, -5.076581898540624e-07], [-1.4454265418722229e-05, -2.8945782740293295e-05, 1.7560332924982556e-05, -4.013252278345906e-06, 4.020432476876385e-07, -1.4927867783644754e-08, -0.0002807033124083125, 0.0008816701503786785, -0.0004662847471716379, 9.29714298707703e-05, -8.113167012477338e-06, 2.609849555948443e-07], [2.275464512138917e-06, 1.561945047583489e-06, -1.320517150636658e-06, 3.4461404642666413e-07, -3.685619860953545e-08, 1.4241251017056e-09, 5.235169822545341e-06, -2.6636985946417588e-05, 2.767385901281324e-05, -8.113167012477338e-06, 9.303635130784366e-07, -3.7135693251569606e-08], [-1.0448959872730396e-07, -2.3155153785565517e-08, 3.5551655094803487e-08, -1.0835466050326021e-08, 1.2387812894264728e-09, -4.968968512783605e-11, 5.365382071322806e-07, -5.222005152743977e-07, -5.076581898540624e-07, 2.609849555948443e-07, -3.7135693251569606e-08, 1.6746739271863235e-09]], [[0.9136947769701946, -0.019365246486174624, 0.0017266405128949266, -8.805174144346789e-05, -1.9901089327090858e-05, 2.8079256244577083e-06, -9.873815403119167e-08, -0.004737523073549913, 0.0006455284310244663, 0.0001335877199817997, -2.0663966716910487e-05, 1.351644589717231e-06, 7.618816757139126e-08, -5.953981997353139e-09], [-0.019365246486174624, 0.033089716942045926, -0.008273433033292647, 0.0006713342538803908, 3.0503832146773193e-05, -7.162543335097339e-06, 2.759471768536447e-07, 5.559748167871796e-05, -0.0003366202345301104, 0.00014656013482847242, -1.4465043307188464e-05, -1.2524990391008942e-07, 7.29528764293879e-08, -2.0158483178022446e-09], [0.0017266405128949266, -0.008273433033292647, 0.0031172347102656497, -0.00036661133537492697, -4.270523342910648e-06, 3.4779218299231173e-06, -1.7023857293578993e-07, -0.00021710018428531985, 0.00010129392923239983, -5.82230960715738e-05, 8.656887694971783e-06, -2.3481202917125373e-07, -4.257858751941957e-08, 2.4254069779081988e-09], [-8.805174144346789e-05, 0.0006713342538803908, -0.00036661133537492697, 5.857125293229925e-05, -6.783685189144069e-07, -5.293374741785956e-07, 3.135537159216012e-08, 1.999114833812678e-05, -1.2237125669705277e-05, 8.310378009731074e-06, -1.5385177728341806e-06, 6.622467557955492e-08, 7.795949323644074e-09, -5.663095525284866e-10], [-1.9901089327090858e-05, 3.0503832146773193e-05, -4.270523342910648e-06, -6.783685189144069e-07, 1.1067434061581113e-07, 3.867836261745776e-09, -6.920115408012403e-10, 1.2845152170769832e-06, -2.5636394072028373e-07, -1.5152094335364303e-07, 6.218765349233488e-08, -4.123889370806307e-09, -4.282577891154457e-10, 3.888096203427636e-11], [2.8079256244577083e-06, -7.162543335097339e-06, 3.4779218299231173e-06, -5.293374741785956e-07, 3.867836261745776e-09, 4.913007137476158e-09, -2.811133232925532e-10, -3.0533159411716965e-07, 1.564943565775305e-07, -5.9013989807898796e-08, 7.422460210264799e-09, -2.694192105443196e-10, -1.703727136540564e-11, 9.122505558681449e-13], [-9.873815403119167e-08, 2.759471768536447e-07, -1.7023857293578993e-07, 3.135537159216012e-08, -6.920115408012403e-10, -2.811133232925532e-10, 1.821415090951346e-11, 1.3411521791811479e-08, -8.538223024317411e-09, 3.728779819713401e-09, -5.745799411687736e-10, 2.6310872327596193e-11, 1.999381145294977e-12, -1.5060371173938595e-13], [-0.004737523073549913, 5.559748167871796e-05, -0.00021710018428531985, 1.999114833812678e-05, 1.2845152170769832e-06, -3.0533159411716965e-07, 1.3411521791811479e-08, 0.948981470092184, -0.020261551876411373, 0.0020280208215764533, -0.00012984965839508096, -2.0306971873257197e-05, 3.068682226307712e-06, -1.0450545484819702e-07], [0.0006455284310244663, -0.0003366202345301104, 0.00010129392923239983, -1.2237125669705277e-05, -2.5636394072028373e-07, 1.564943565775305e-07, -8.538223024317411e-09, -0.020261551876411373, 0.03349725488058738, -0.008329242776268522, 0.0006700951140363776, 3.069741614780744e-05, -7.078743833009152e-06, 2.681432355793925e-07], [0.0001335877199817997, 0.00014656013482847242, -5.82230960715738e-05, 8.310378009731074e-06, -1.5152094335364303e-07, -5.9013989807898796e-08, 3.728779819713401e-09, 0.0020280208215764533, -0.008329242776268522, 0.003131432174912108, -0.00036500530951902863, -4.5569334358187274e-06, 3.464557691214929e-06, -1.6794364961140904e-07], [-2.0663966716910487e-05, -1.4465043307188464e-05, 8.656887694971783e-06, -1.5385177728341806e-06, 6.218765349233488e-08, 7.422460210264799e-09, -5.745799411687736e-10, -0.00012984965839508096, 0.0006700951140363776, -0.00036500530951902863, 5.7936253068832656e-05, -6.132832728504521e-07, -5.298640696890275e-07, 3.1177072439093845e-08], [1.351644589717231e-06, -1.2524990391008942e-07, -2.3481202917125373e-07, 6.622467557955492e-08, -4.123889370806307e-09, -2.694192105443196e-10, 2.6310872327596193e-11, -2.0306971873257197e-05, 3.069741614780744e-05, -4.5569334358187274e-06, -6.132832728504521e-07, 1.0497906614666574e-07, 3.982912330684433e-09, -6.859221816139506e-10], [7.618816757139126e-08, 7.29528764293879e-08, -4.257858751941957e-08, 7.795949323644074e-09, -4.282577891154457e-10, -1.703727136540564e-11, 1.999381145294977e-12, 3.068682226307712e-06, -7.078743833009152e-06, 3.464557691214929e-06, -5.298640696890275e-07, 3.982912330684433e-09, 4.941791663647676e-09, -2.835763693839593e-10], [-5.953981997353139e-09, -2.0158483178022446e-09, 2.4254069779081988e-09, -5.663095525284866e-10, 3.888096203427636e-11, 9.122505558681449e-13, -1.5060371173938595e-13, -1.0450545484819702e-07, 2.681432355793925e-07, -1.6794364961140904e-07, 3.1177072439093845e-08, -6.859221816139506e-10, -2.835763693839593e-10, 1.840360083623688e-11]], [[0.9077572389734981, -0.01410673642562589, 0.0005245373379839468, -7.86738187914811e-07, -1.738788949290661e-05, 1.1413785282920326e-06, 1.9122235199067072e-07, -1.6627424182362273e-08, -0.005081436647313606, 0.0007472853672680079, 6.79559211567373e-05, -1.6563136650456634e-06, -1.1780291316033169e-06, 1.9606767887333383e-07, -7.368074166574869e-09, 1.2143007053535022e-10], [-0.01410673642562589, 0.026974365872874485, -0.006672352378870185, 0.0004741993354671327, 3.743361058261858e-05, -3.407769015668303e-06, -4.3995809840778116e-07, 3.6849011899263065e-08, 0.0002835225935468166, -0.0007143053416038462, 0.0002926915483935042, -3.2625942595473314e-05, -2.797000121760928e-07, 1.9259649769646216e-07, 2.2121410809281223e-09, -7.415135859639876e-10], [0.0005245373379839468, -0.006672352378870185, 0.002558109192169427, -0.00026529414742456795, -9.407910634991667e-06, 1.714452241573147e-06, 1.446967012581015e-07, -1.485919777342037e-08, -0.00032216764929442383, 0.00023877409633914855, -0.00010589347736895021, 1.3476992435691052e-05, -4.5841868094196415e-08, -7.862990469552381e-08, 3.1066920953923834e-10, 2.473223279415529e-10], [-7.86738187914811e-07, 0.0004741993354671327, -0.00026529414742456795, 3.932657689548504e-05, -1.6594222175635865e-07, -2.326046319888635e-07, -6.5090235824454645e-09, 1.407671429474854e-09, 3.331922994587734e-05, -2.1462547302615248e-05, 1.0347127716095903e-05, -1.7279014168537451e-06, 6.810914316684812e-08, 8.716953666824237e-09, -7.370992293950965e-10, 9.968371074509803e-12], [-1.738788949290661e-05, 3.743361058261858e-05, -9.407910634991667e-06, -1.6594222175635865e-07, 2.013515081451405e-07, -3.5830658750984387e-09, -2.153561843946839e-09, 1.2496745901627596e-10, -3.947827587769296e-09, -1.479123198608679e-06, 4.4223155536647176e-07, 2.0848491520564854e-08, -1.2613067086291364e-08, 1.9912717112379675e-10, 1.500235481084378e-10, -9.04711599326211e-12], [1.1413785282920326e-06, -3.407769015668303e-06, 1.714452241573147e-06, -2.326046319888635e-07, -3.5830658750984387e-09, 1.5750935326518664e-09, 9.74328265417118e-11, -1.2665216542204247e-11, -1.086974220408753e-07, 1.9618042063178498e-07, -6.863818629971458e-08, 6.957076838816582e-09, 1.349288671850902e-10, -4.384517831491528e-11, -1.455843669562829e-12, 2.2757407934185936e-13], [1.9122235199067072e-07, -4.3995809840778116e-07, 1.446967012581015e-07, -6.5090235824454645e-09, -2.153561843946839e-09, 9.74328265417118e-11, 2.5886160995572165e-11, -1.7966311818208967e-12, -5.625199779710331e-09, 1.2991145310208327e-08, -5.903164457233393e-09, 1.680298592675687e-10, 1.262837853238912e-10, -4.895641674753796e-12, -1.663351385631975e-12, 1.1486185934461448e-13], [-1.6627424182362273e-08, 3.6849011899263065e-08, -1.485919777342037e-08, 1.407671429474854e-09, 1.2496745901627596e-10, -1.2665216542204247e-11, -1.7966311818208967e-12, 1.5567488443150357e-13, 5.99329150444884e-10, -1.3782995821281143e-09, 5.864731528636562e-10, -3.8268990819117895e-11, -7.629291824376842e-12, 4.719744255097422e-13, 1.0152854508178683e-13, -7.673039974747146e-15], [-0.005081436647313606, 0.0002835225935468166, -0.00032216764929442383, 3.331922994587734e-05, -3.947827587769296e-09, -1.086974220408753e-07, -5.625199779710331e-09, 5.99329150444884e-10, 0.9437749637026358, -0.014813138893483223, 0.0007953066674938499, -4.0984128612873965e-05, -1.77769671576317e-05, 1.3508610189442091e-06, 2.0123194238113787e-07, -1.7592427745873232e-08], [0.0007472853672680079, -0.0007143053416038462, 0.00023877409633914855, -2.1462547302615248e-05, -1.479123198608679e-06, 1.9618042063178498e-07, 1.2991145310208327e-08, -1.3782995821281143e-09, -0.014813138893483223, 0.027608956484715712, -0.006834306829143561, 0.0005081037502500907, 3.332972167709102e-05, -3.4469414535402214e-06, -3.8958430002533084e-07, 3.398516323211531e-08], [6.79559211567373e-05, 0.0002926915483935042, -0.00010589347736895021, 1.0347127716095903e-05, 4.4223155536647176e-07, -6.863818629971458e-08, -5.903164457233393e-09, 5.864731528636562e-10, 0.0007953066674938499, -0.006834306829143561, 0.0026371068902100113, -0.00028426975018414, -7.338683858069105e-06, 1.7552831782355244e-06, 1.1928168619952745e-07, -1.3517102498547132e-08], [-1.6563136650456634e-06, -3.2625942595473314e-05, 1.3476992435691052e-05, -1.7279014168537451e-06, 2.0848491520564854e-08, 6.957076838816582e-09, 1.680298592675687e-10, -3.8268990819117895e-11, -4.0984128612873965e-05, 0.0005081037502500907, -0.00028426975018414, 4.3970251467103326e-05, -6.12889840179821e-07, -2.456858032450575e-07, -1.3605480632617149e-09, 1.1631262833302375e-09], [-1.1780291316033169e-06, -2.797000121760928e-07, -4.5841868094196415e-08, 6.810914316684812e-08, -1.2613067086291364e-08, 1.349288671850902e-10, 1.262837853238912e-10, -7.629291824376842e-12, -1.77769671576317e-05, 3.332972167709102e-05, -7.338683858069105e-06, -6.12889840179821e-07, 2.3678903878912622e-07, -2.1499405582141437e-09, -2.525690613249006e-09, 1.4014095248983477e-10], [1.9606767887333383e-07, 1.9259649769646216e-07, -7.862990469552381e-08, 8.716953666824237e-09, 1.9912717112379675e-10, -4.384517831491528e-11, -4.895641674753796e-12, 4.719744255097422e-13, 1.3508610189442091e-06, -3.4469414535402214e-06, 1.7552831782355244e-06, -2.456858032450575e-07, -2.1499405582141437e-09, 1.608822320896997e-09, 8.073669155274317e-11, -1.1834472706173499e-11], [-7.368074166574869e-09, 2.2121410809281223e-09, 3.1066920953923834e-10, -7.370992293950965e-10, 1.500235481084378e-10, -1.455843669562829e-12, -1.663351385631975e-12, 1.0152854508178683e-13, 2.0123194238113787e-07, -3.8958430002533084e-07, 1.1928168619952745e-07, -1.3605480632617149e-09, -2.525690613249006e-09, 8.073669155274317e-11, 2.974806474739952e-11, -1.9502399891362513e-12], [1.2143007053535022e-10, -7.415135859639876e-10, 2.473223279415529e-10, 9.968371074509803e-12, -9.04711599326211e-12, 2.2757407934185936e-13, 1.1486185934461448e-13, -7.673039974747146e-15, -1.7592427745873232e-08, 3.398516323211531e-08, -1.3517102498547132e-08, 1.1631262833302375e-09, 1.4014095248983477e-10, -1.1834472706173499e-11, -1.9502399891362513e-12, 1.6125218151599069e-13]]], "B_list": [{"B_d": [[0.00026234616736081265], [3.4849106163854375e-06], [5.366187699797904e-07]], "B_theta": [5.91899790138287e-07], "B_const": [0.2446069427480966]}, {"B_d": [[1.2331905310590829e-05], [2.3760066854315757e-07], [8.56185329137843e-08]], "B_theta": [1.1396464398041573e-07], "B_const": [0.029496275206054058]}, {"B_d": [[2.750872806162381e-06], [1.1721881002746104e-07], [2.2502969507291063e-08]], "B_theta": [3.522512368418149e-08], "B_const": [0.007220197370072718]}, {"B_d": [[4.9370863438611e-07], [3.946990447044108e-08], [1.0289564824690994e-08]], "B_theta": [1.3319437869192408e-08], "B_const": [0.002647861885220676]}, {"B_d": [[1.0738433705584459e-07], [2.9077806857615504e-08], [5.2173870376009925e-09]], "B_theta": [6.379176313641004e-09], "B_const": [0.0012070630874275836]}, {"B_d": [[2.0611772255544603e-07], [5.321111425261797e-09], [4.000704328283535e-09]], "B_theta": [5.087495658309777e-09], "B_const": [0.0006627491260499215]}, {"B_d": [[6.305512343830902e-08], [2.6977607314258027e-08], [3.85081373671633e-09]], "B_theta": [4.494788956067362e-09], "B_const": [0.000650833111716714]}, {"B_d": [[3.835092818337944e-08], [2.4525521494385007e-09], [4.241478761524751e-09]], "B_theta": [4.5023211307220795e-09], "B_const": [0.000577952137262957]}], "bic_scores": [157.96631343466288, -10.513530310727361, -104.88863672173662, -155.2982835782857, -176.6817975763949, -166.9993550522815, -112.03310975956302, -47.914292678247534], "best_bic": -176.6817975763949, "best_bic_A": [[0.9303426617248463, -0.030154297398027788, 0.003616019203796573, -0.0002744244034456859, 6.391647472407308e-06, -0.006346636528295903, 0.001262479463434624, 1.215307132220247e-05, -4.838605414060683e-06, 5.709264153425849e-07], [-0.030154297398027788, 0.03762447386594987, -0.00881457227583773, 0.0008544932112330375, -2.96072897582867e-05, 0.00015338765873801094, -0.0003068450037239774, 9.92256567682255e-05, -9.263397781159465e-06, 2.2974509470613722e-07], [0.003616019203796573, -0.00881457227583773, 0.002871380886863351, -0.00034083938349638244, 1.3815401344712524e-05, -0.00021393192351740607, 5.196490230730177e-05, -2.3350808515445666e-05, 3.088784008252777e-06, -1.267620076533896e-07], [-0.0002744244034456859, 0.0008544932112330375, -0.00034083938349638244, 4.5914097832463174e-05, -2.0352418597366145e-06, 2.334094199220823e-05, -4.1315647572454705e-06, 2.0869568088955545e-06, -3.252240571458733e-07, 1.5747405125084792e-08], [6.391647472407308e-06, -2.96072897582867e-05, 1.3815401344712524e-05, -2.0352418597366145e-06, 9.57720303666737e-08, -9.969531037982987e-07, 1.5605471999496912e-07, -8.105714897281091e-08, 1.3664852071279731e-08, -7.246685844505716e-10], [-0.006346636528295903, 0.00015338765873801094, -0.00021393192351740607, 2.334094199220823e-05, -9.969531037982987e-07, 0.9654165127099037, -0.030241144668712486, 0.0038389333709413923, -0.0003218646472364183, 9.317936342927878e-06], [0.001262479463434624, -0.0003068450037239774, 5.196490230730177e-05, -4.1315647572454705e-06, 1.5605471999496912e-07, -0.030241144668712486, 0.037828359081954074, -0.008827662646858291, 0.0008525616820541787, -2.9553104561618668e-05], [1.215307132220247e-05, 9.92256567682255e-05, -2.3350808515445666e-05, 2.0869568088955545e-06, -8.105714897281091e-08, 0.0038389333709413923, -0.008827662646858291, 0.0028851093573898814, -0.00034202159557941356, 1.3863701927487056e-05], [-4.838605414060683e-06, -9.263397781159465e-06, 3.088784008252777e-06, -3.252240571458733e-07, 1.3664852071279731e-08, -0.0003218646472364183, 0.0008525616820541787, -0.00034202159557941356, 4.6061060820387184e-05, -2.042837405764213e-06], [5.709264153425849e-07, 2.2974509470613722e-07, -1.267620076533896e-07, 1.5747405125084792e-08, -7.246685844505716e-10, 9.317936342927878e-06, -2.9553104561618668e-05, 1.3863701927487056e-05, -2.042837405764213e-06, 9.623378088755676e-08]], "best_bic_B": {"B_d": [[1.0738433705584459e-07], [2.9077806857615504e-08], [5.2173870376009925e-09]], "B_theta": [6.379176313641004e-09], "B_const": [0.0012070630874275836]}, "best_bic_deg": 5, "best_bic_deg_idx": 4, "aic_scores": [147.92287540859547, -29.344976609603734, -137.52981030645566, -206.77090346188112, -252.0075827719004, -271.20002457273074, -250.13038261798977, -224.92988788768542], "best_aic": -271.20002457273074, "best_aic_A": [[0.9144804992614629, -0.020837913125599274, 0.002357596297602722, -0.00024439378757561397, 5.099194326338804e-06, 4.02574720515445e-07, -0.006677646136048351, 0.0009958264307734846, 4.167027667787277e-05, -1.4454265418722229e-05, 2.275464512138917e-06, -1.0448959872730396e-07], [-0.020837913125599274, 0.03354555949265387, -0.008652011953171765, 0.0009130589501017758, -3.140062194943552e-05, -2.987532381079851e-07, 0.00022131973647505004, -0.0004873355656143629, 0.00020684491878392568, -2.8945782740293295e-05, 1.561945047583489e-06, -2.3155153785565517e-08], [0.002357596297602722, -0.008652011953171765, 0.003297710373798078, -0.00048601604309388217, 3.0248308567486886e-05, -6.190695208526384e-07, -0.00028302443855580007, 0.00020850508502622719, -9.990077964154444e-05, 1.7560332924982556e-05, -1.320517150636658e-06, 3.5551655094803487e-08], [-0.00024439378757561397, 0.0009130589501017758, -0.00048601604309388217, 9.795382933041865e-05, -8.640872970506108e-06, 2.8122665737482275e-07, 3.9171699083652595e-05, -4.2109905672824306e-05, 2.0764781747071363e-05, -4.013252278345906e-06, 3.4461404642666413e-07, -1.0835466050326021e-08], [5.099194326338804e-06, -3.140062194943552e-05, 3.0248308567486886e-05, -8.640872970506108e-06, 9.775748177850678e-07, -3.8709543746680074e-08, -2.4363061114881884e-06, 3.9568659274745036e-06, -1.9871557225247986e-06, 4.020432476876385e-07, -3.685619860953545e-08, 1.2387812894264728e-09], [4.02574720515445e-07, -2.987532381079851e-07, -6.190695208526384e-07, 2.8122665737482275e-07, -3.8709543746680074e-08, 1.718983549798499e-09, 5.1631052002112134e-08, -1.390001442575469e-07, 7.157350156164186e-08, -1.4927867783644754e-08, 1.4241251017056e-09, -4.968968512783605e-11], [-0.006677646136048351, 0.00022131973647505004, -0.00028302443855580007, 3.9171699083652595e-05, -2.4363061114881884e-06, 5.1631052002112134e-08, 0.9508090870557002, -0.021617330877999743, 0.0026479567235592337, -0.0002807033124083125, 5.235169822545341e-06, 5.365382071322806e-07], [0.0009958264307734846, -0.0004873355656143629, 0.00020850508502622719, -4.2109905672824306e-05, 3.9568659274745036e-06, -1.390001442575469e-07, -0.021617330877999743, 0.033908104359191796, -0.008631974753050395, 0.0008816701503786785, -2.6636985946417588e-05, -5.222005152743977e-07], [4.167027667787277e-05, 0.00020684491878392568, -9.990077964154444e-05, 2.0764781747071363e-05, -1.9871557225247986e-06, 7.157350156164186e-08, 0.0026479567235592337, -0.008631974753050395, 0.003249847912575417, -0.0004662847471716379, 2.767385901281324e-05, -5.076581898540624e-07], [-1.4454265418722229e-05, -2.8945782740293295e-05, 1.7560332924982556e-05, -4.013252278345906e-06, 4.020432476876385e-07, -1.4927867783644754e-08, -0.0002807033124083125, 0.0008816701503786785, -0.0004662847471716379, 9.29714298707703e-05, -8.113167012477338e-06, 2.609849555948443e-07], [2.275464512138917e-06, 1.561945047583489e-06, -1.320517150636658e-06, 3.4461404642666413e-07, -3.685619860953545e-08, 1.4241251017056e-09, 5.235169822545341e-06, -2.6636985946417588e-05, 2.767385901281324e-05, -8.113167012477338e-06, 9.303635130784366e-07, -3.7135693251569606e-08], [-1.0448959872730396e-07, -2.3155153785565517e-08, 3.5551655094803487e-08, -1.0835466050326021e-08, 1.2387812894264728e-09, -4.968968512783605e-11, 5.365382071322806e-07, -5.222005152743977e-07, -5.076581898540624e-07, 2.609849555948443e-07, -3.7135693251569606e-08, 1.6746739271863235e-09]], "best_aic_B": {"B_d": [[2.0611772255544603e-07], [5.321111425261797e-09], [4.000704328283535e-09]], "B_theta": [5.087495658309777e-09], "B_const": [0.0006627491260499215]}, "best_aic_deg": 6, "best_aic_deg_idx": 5, "lr": [{"class_name": "PiecewiseConstantDecay", "config": {"boundaries": [3450], "values": [0.005, 0.005], "name": null}}, {"class_name": "PiecewiseConstantDecay", "config": {"boundaries": [3450], "values": [0.005, 0.005], "name": null}}, {"class_name": "PiecewiseConstantDecay", "config": {"boundaries": [3450], "values": [0.005, 0.005], "name": null}}, {"class_name": "PiecewiseConstantDecay", "config": {"boundaries": [3450], "values": [0.005, 0.005], "name": null}}, {"class_name": "PiecewiseConstantDecay", "config": {"boundaries": [3450], "values": [0.005, 0.005], "name": null}}, {"class_name": "PiecewiseConstantDecay", "config": {"boundaries": [3450], "values": [0.005, 0.005], "name": null}}, {"class_name": "PiecewiseConstantDecay", "config": {"boundaries": [3450], "values": [0.005, 0.005], "name": null}}, {"class_name": "PiecewiseConstantDecay", "config": {"boundaries": [3450], "values": [0.005, 0.005], "name": null}}], "optimizer": [{"class_name": "Adam", "config": {"name": "Adam", "learning_rate": 0.005, "decay": 0.0, "beta_1": 0.9, "beta_2": 0.999, "epsilon": 1e-07, "amsgrad": false}}, {"class_name": "Adam", "config": {"name": "Adam", "learning_rate": 0.005, "decay": 0.0, "beta_1": 0.9, "beta_2": 0.999, "epsilon": 1e-07, "amsgrad": false}}, {"class_name": "Adam", "config": {"name": "Adam", "learning_rate": 0.005, "decay": 0.0, "beta_1": 0.9, "beta_2": 0.999, "epsilon": 1e-07, "amsgrad": false}}, {"class_name": "Adam", "config": {"name": "Adam", "learning_rate": 0.005, "decay": 0.0, "beta_1": 0.9, "beta_2": 0.999, "epsilon": 1e-07, "amsgrad": false}}, {"class_name": "Adam", "config": {"name": "Adam", "learning_rate": 0.005, "decay": 0.0, "beta_1": 0.9, "beta_2": 0.999, "epsilon": 1e-07, "amsgrad": false}}, {"class_name": "Adam", "config": {"name": "Adam", "learning_rate": 0.005, "decay": 0.0, "beta_1": 0.9, "beta_2": 0.999, "epsilon": 1e-07, "amsgrad": false}}, {"class_name": "Adam", "config": {"name": "Adam", "learning_rate": 0.005, "decay": 0.0, "beta_1": 0.9, "beta_2": 0.999, "epsilon": 1e-07, "amsgrad": false}}, {"class_name": "Adam", "config": {"name": "Adam", "learning_rate": 0.005, "decay": 0.0, "beta_1": 0.9, "beta_2": 0.999, "epsilon": 1e-07, "amsgrad": false}}], "epochs": 100, "best_epochs": [99, 99, 99, 99, 99, 99, 99, 99], "batch_size": 1024}