{"degree": [1, 2, 3, 4, 5, 6, 7, 8], "losses": [-16.922157014817625, -39.82703604548268, -41.57670618487743, -42.1620934253699, -42.215525217854434, -42.43820776439, -42.46041077801435, -42.43464097860721], "A_list": [[[43.57377554479914, -1.3673341802952144], [-1.3673341802952144, 47.55306759926068]], [[43.03792252497025, 0.14747666197595538, -1.4235245747442786, 0.168039469332166], [0.14747666197595538, 0.28101232226877326, -0.2031610407180087, 0.003964669769131224], [-1.4235245747442786, -0.2031610407180087, 47.4778725240497, 0.040483761509553594], [0.168039469332166, 0.003964669769131224, 0.040483761509553594, 0.3067270915989286]], [[43.0230278919016, 0.23023494981060558, -0.07751233900151494, -1.3336540073279652, 0.16046435207149523, 0.0066350509757150825], [0.23023494981060558, 0.5076696194261491, -0.1435258299882519, -0.22097278494300496, -0.009377839125164367, 0.01195006822665114], [-0.07751233900151494, -0.1435258299882519, 0.09322867821260994, -0.012973682363748545, 0.003755463599313068, -0.006889009499229102], [-1.3336540073279652, -0.22097278494300496, -0.012973682363748545, 47.28382170042346, 0.10819121683753777, -0.04704608143946447], [0.16046435207149523, -0.009377839125164367, 0.003755463599313068, 0.10819121683753777, 0.5408086482761736, -0.1538822541670973], [0.0066350509757150825, 0.01195006822665114, -0.006889009499229102, -0.04704608143946447, -0.1538822541670973, 0.09961809534904029]], [[42.93997904655622, 0.14703173356542173, 0.048427871219799405, -0.06913405216312588, -1.3686898892937573, 0.18418820629404403, -0.025450207574459312, 0.014951336095011283], [0.14703173356542173, 1.2535305084910127, -1.3663448087203565, 0.5892509057755017, -0.21212434683978001, -0.05326186974511899, 0.10813584497102607, -0.05115756938245168], [0.048427871219799405, -1.3663448087203565, 2.09674220557244, -0.962850167561018, -0.024274704481219458, 0.08890633225374162, -0.16566281398666646, 0.08313737502037075], [-0.06913405216312588, 0.5892509057755017, -0.962850167561018, 0.4602669838629265, 0.006224241096279752, -0.04591802866369452, 0.08069498334906833, -0.04081896437199047], [-1.3686898892937573, -0.21212434683978001, -0.024274704481219458, 0.006224241096279752, 47.29629255017989, 0.13408214496024776, 0.0031647602453836196, -0.04437883876321822], [0.18418820629404403, -0.05326186974511899, 0.08890633225374162, -0.04591802866369452, 0.13408214496024776, 1.1726663262963903, -1.2375340870685185, 0.5331738864394333], [-0.025450207574459312, 0.10813584497102607, -0.16566281398666646, 0.08069498334906833, 0.0031647602453836196, -1.2375340870685185, 1.965621445979166, -0.9163637915274218], [0.014951336095011283, -0.05115756938245168, 0.08313737502037075, -0.04081896437199047, -0.04437883876321822, 0.5331738864394333, -0.9163637915274218, 0.44838422539225564]], [[42.92582604371276, 0.1534814986432394, 0.2502368556316145, -0.30453604370542353, 0.10048615940713745, -1.421408212889605, 0.18214252781984697, -0.05030650274977075, 0.049249586146819624, -0.016322597889393036], [0.1534814986432394, 0.9353295303080825, -0.7154640828680945, 0.028154437413023852, 0.18644049234852322, -0.18564334650945163, -0.02171154714454939, 0.0060280067670148525, 0.05112340470273511, -0.03169067191263584], [0.2502368556316145, -0.7154640828680945, 1.2532108505914623, -0.5731530766567215, -0.05211704389882224, -0.07988083715853775, -0.008435591441699222, 0.051975960300889405, -0.10880403336312908, 0.05730538455789575], [-0.30453604370542353, 0.028154437413023852, -0.5731530766567215, 0.668803228143885, -0.1953935359237225, 0.08690587913021602, 0.03535839392526565, -0.07453026978257876, 0.07091165562472705, -0.028649832505462006], [0.10048615940713745, 0.18644049234852322, -0.05211704389882224, -0.1953935359237225, 0.12060749631939632, -0.030361426105203492, -0.02139400295116012, 0.037565040394448836, -0.01796197383023787, 0.0016700028240329637], [-1.421408212889605, -0.18564334650945163, -0.07988083715853775, 0.08690587913021602, -0.030361426105203492, 47.245216600548765, 0.1646752392372674, -0.06184167349679647, 0.015251739516607023, -0.029356363770338897], [0.18214252781984697, -0.02171154714454939, -0.008435591441699222, 0.03535839392526565, -0.02139400295116012, 0.1646752392372674, 0.9092598791893849, -0.8405114581962106, 0.23983479320813209, 0.08891120249551736], [-0.05030650274977075, 0.0060280067670148525, 0.051975960300889405, -0.07453026978257876, 0.037565040394448836, -0.06184167349679647, -0.8405114581962106, 1.7846994971515329, -1.1953336640673629, 0.18344893163491313], [0.049249586146819624, 0.05112340470273511, -0.10880403336312908, 0.07091165562472705, -0.01796197383023787, 0.015251739516607023, 0.23983479320813209, -1.1953336640673629, 1.3553565747982848, -0.4350581297534279], [-0.016322597889393036, -0.03169067191263584, 0.05730538455789575, -0.028649832505462006, 0.0016700028240329637, -0.029356363770338897, 0.08891120249551736, 0.18344893163491313, -0.4350581297534279, 0.19804160880808847]], [[43.16393278216305, 0.11371686965420492, 0.050380816760103225, 0.26923611247860785, -0.5634191093053452, 0.25657926658004987, -1.4235677600571839, 0.24902034867408893, -0.12325166619733302, 0.18805969782648047, -0.11616844534642728, 0.03375341881714855], [0.11371686965420492, 1.5290188320522293, -2.102494532997539, 0.7669502647566588, 0.8632848433334522, -0.5716877324429094, -0.19402129316732783, -0.09558523786578181, 0.15271731598791288, 0.024569350221823376, -0.1976067321765588, 0.1036080522480819], [0.050380816760103225, -2.102494532997539, 4.075001163961672, -1.6927133094487055, -1.9420152429521174, 1.3852042617775935, -0.05201836878840816, 0.15703143479791004, -0.33749750604489326, 0.08239538889384361, 0.28454658975659297, -0.1813332201206728], [0.26923611247860785, 0.7669502647566588, -1.6927133094487055, 0.9078588021894298, 0.8559113821558944, -0.710698824284758, -0.004079223037655841, -0.013574994465597373, 0.12907329415536628, -0.06023400587531791, -0.11918741842415881, 0.09264250234336854], [-0.5634191093053452, 0.8632848433334522, -1.9420152429521174, 0.8559113821558944, 0.9936730858650614, -0.7283199340515438, 0.026619793266443186, -0.1625055690934687, 0.2513457969655084, -0.09049640948630233, -0.1283691105449002, 0.0866371685207308], [0.25657926658004987, -0.5716877324429094, 1.3852042617775935, -0.710698824284758, -0.7283199340515438, 0.5854460016374673, -0.013000887936459489, 0.09650140574268586, -0.18313229236366083, 0.08018938518373712, 0.09748005675982264, -0.07390507674104703], [-1.4235677600571839, -0.19402129316732783, -0.05201836878840816, -0.004079223037655841, 0.026619793266443186, -0.013000887936459489, 47.066328639421805, 0.13785161343895797, -0.05917911521934416, 0.07440881147715217, -0.07474961764134269, 0.018568575340280447], [0.24902034867408893, -0.09558523786578181, 0.15703143479791004, -0.013574994465597373, -0.1625055690934687, 0.09650140574268586, 0.13785161343895797, 1.5819806164395402, -2.2945218229941227, 0.8539443795009523, 1.0543808581447656, -0.6978688657500053], [-0.12325166619733302, 0.15271731598791288, -0.33749750604489326, 0.12907329415536628, 0.2513457969655084, -0.18313229236366083, -0.05917911521934416, -2.2945218229941227, 4.790657050662874, -2.127437728066, -2.3219682352433084, 1.6911993163779395], [0.18805969782648047, 0.024569350221823376, 0.08239538889384361, -0.06023400587531791, -0.09049640948630233, 0.08018938518373712, 0.07440881147715217, 0.8539443795009523, -2.127437728066, 1.1405865876420824, 1.0539173058401494, -0.862597032283851], [-0.11616844534642728, -0.1976067321765588, 0.28454658975659297, -0.11918741842415881, -0.1283691105449002, 0.09748005675982264, -0.07474961764134269, 1.0543808581447656, -2.3219682352433084, 1.0539173058401494, 1.3050628129404203, -0.9538428579234528], [0.03375341881714855, 0.1036080522480819, -0.1813332201206728, 0.09264250234336854, 0.0866371685207308, -0.07390507674104703, 0.018568575340280447, -0.6978688657500053, 1.6911993163779395, -0.862597032283851, -0.9538428579234528, 0.7464732006328686]], [[43.06007067585717, 0.13990973818018526, 0.007838288120756176, 0.293943281676136, -0.4432350210421945, 0.032351251729726124, 0.08486664569751923, -1.3674480616865663, 0.2679062963590346, -0.3784006242466449, 0.4586827593017563, -0.09921786797858956, -0.2814439009495949, 0.14053990976906586], [0.13990973818018526, 1.4777487035283419, -1.7053043981908587, 0.04379394200522395, 0.767583089417546, 0.4501920357439888, -0.5784798169469632, -0.27519661556895425, -0.10108139602595434, 0.18590388694719528, -0.05519123649856458, 0.05616158951878454, -0.21811542596428, 0.13373873518518578], [0.007838288120756176, -1.7053043981908587, 2.9557500492893856, -0.4304212457381818, -1.4254215711277132, -0.5433070048141848, 0.9929890876491172, 0.43839431789214856, 0.16017132889973584, -0.2933319626534029, -0.05521004172080355, 0.16663649611476283, 0.21611242809569928, -0.2027886848984754], [0.293943281676136, 0.04379394200522395, -0.4304212457381818, 0.37747016625021923, 0.13197860950505416, -0.004746215375336333, -0.15782458186901516, -0.8143240469964925, -0.022546373304745355, 0.12140364736512389, 0.0475519171596075, -0.11835149450570993, -0.03612532940120907, 0.06389627494881255], [-0.4432350210421945, 0.767583089417546, -1.4254215711277132, 0.13197860950505416, 0.8313907406227237, 0.14893905270854482, -0.45111620799742735, 0.591466561664296, -0.165060461931545, 0.24456495717554277, -0.046333107441762195, -0.11632288916075222, -0.10522601179872913, 0.12678999622169512], [0.032351251729726124, 0.4501920357439888, -0.5433070048141848, -0.004746215375336333, 0.14893905270854482, 0.32042989719470494, -0.2412567924378509, -0.05058941769757943, 0.10465841574402934, -0.2635383348732092, 0.11409044302063359, 0.10296144801845039, 0.001251172430858689, -0.061357376792264634], [0.08486664569751923, -0.5784798169469632, 0.9929890876491172, -0.15782458186901516, -0.45111620799742735, -0.2412567924378509, 0.36505010909601326, -0.08642906032490419, -0.0067507195575141725, 0.06712312519189495, -0.06324588907221126, -0.005217661223187169, 0.03963152324116749, -0.016621704894321524], [-1.3674480616865663, -0.27519661556895425, 0.43839431789214856, -0.8143240469964925, 0.591466561664296, -0.05058941769757943, -0.08642906032490419, 47.50254210573602, 0.09706819397281186, -0.05670335658446368, 0.2942013519406565, -0.6471773147381672, 0.566026962390999, -0.18680002526042255], [0.2679062963590346, -0.10108139602595434, 0.16017132889973584, -0.022546373304745355, -0.165060461931545, 0.10465841574402934, -0.0067507195575141725, 0.09706819397281186, 1.5019027083984433, -1.776022524673071, 0.07402024533052903, 0.990317315130834, 0.23444497327815522, -0.5051515049116891], [-0.3784006242466449, 0.18590388694719528, -0.2933319626534029, 0.12140364736512389, 0.24456495717554277, -0.2635383348732092, 0.06712312519189495, -0.05670335658446368, -1.776022524673071, 3.132704716674782, -0.45416503359272276, -1.6825959504358143, -0.4933145850557913, 1.012425751013162], [0.4586827593017563, -0.05519123649856458, -0.05521004172080355, 0.0475519171596075, -0.046333107441762195, 0.11409044302063359, -0.06324588907221126, 0.2942013519406565, 0.07402024533052903, -0.45416503359272276, 0.30375895173943157, 0.17958396653943848, 0.0580367280516955, -0.18800456474239688], [-0.09921786797858956, 0.05616158951878454, 0.16663649611476283, -0.11835149450570993, -0.11632288916075222, 0.10296144801845039, -0.005217661223187169, -0.6471773147381672, 0.990317315130834, -1.6825959504358143, 0.17958396653943848, 1.045842723084303, 0.2094683379043215, -0.5523820507134937], [-0.2814439009495949, -0.21811542596428, 0.21611242809569928, -0.03612532940120907, -0.10522601179872913, 0.001251172430858689, 0.03963152324116749, 0.566026962390999, 0.23444497327815522, -0.4933145850557913, 0.0580367280516955, 0.2094683379043215, 0.16477126202669057, -0.18359133127784757], [0.14053990976906586, 0.13373873518518578, -0.2027886848984754, 0.06389627494881255, 0.12678999622169512, -0.061357376792264634, -0.016621704894321524, -0.18680002526042255, -0.5051515049116891, 1.012425751013162, -0.18800456474239688, -0.5523820507134937, -0.18359133127784757, 0.36147970789401246]], [[43.36298046356018, 0.016311602157482702, 0.4683742155622463, -0.4492446750978047, -0.1640534429756044, 0.7398008875281551, -0.685021814843923, 0.24137631083520877, -1.4125538787067202, 0.10641511236610368, 0.17175958179157425, -0.18357360912440457, -0.2538668551717898, 0.5866033033408333, -0.3413946669826237, 0.05495231814801383], [0.016311602157482702, 1.2117209087781657, -1.1220791911007384, -0.150819795783833, 0.31133315793150884, 0.43660164776224436, 0.2061737382044172, -0.4223356718680662, -0.1682212403889034, -0.07170561367852257, 0.08609641228731386, 0.04387706243087869, -0.07867930796287456, -0.05603975935734706, 0.0510372072675463, 0.004504347756286452], [0.4683742155622463, -1.1220791911007384, 1.7941020643814143, -0.14523890562632213, -0.6017519714951568, -0.5625480506435567, -0.05496204542039422, 0.5155528937688665, -0.09104292390876584, 0.10469817702786437, -0.13515686979060085, -0.03302937208113248, 0.1748093088766539, 0.0035484279681803565, -0.06922021356889543, 0.010397477092973204], [-0.4492446750978047, -0.150819795783833, -0.14523890562632213, 0.29172705620009654, 0.14589666009965674, -0.09519993223097231, -0.19374839085515522, 0.08540116120779308, 0.11179522351823871, -0.025290318922969825, 0.09821978476832355, -0.12158061723589651, 0.003271057375356354, 0.01704156194533605, 0.012834644492685735, -0.004768629796436123], [-0.1640534429756044, 0.31133315793150884, -0.6017519714951568, 0.14589666009965674, 0.3062072887978823, 0.05253899571820178, -0.04729761948660905, -0.10619104137600603, -0.15130606242444003, -0.04236664919110573, -0.053066527574982064, 0.014261739212819606, 0.002905434656211827, 0.04669056075942697, 0.007893625324715464, -0.03925971180425282], [0.7398008875281551, 0.43660164776224436, -0.5625480506435567, -0.09519993223097231, 0.05253899571820178, 0.4148045864274983, 0.028223540026614587, -0.22002275894928797, 0.12121338916576899, 0.05770968683684978, 0.12085155477243904, 0.023443092034096988, -0.1140396937335033, -0.03020103846645758, 0.02452739592618383, 0.028310681100069145], [-0.685021814843923, 0.2061737382044172, -0.05496204542039422, -0.19374839085515522, -0.04729761948660905, 0.028223540026614587, 0.31422381818973516, -0.19060762455420752, -0.06743292639860198, -0.12385194183128505, -0.034792532856547584, 0.12090967187466271, -0.056755021420850385, -0.03783034042744512, -0.02482939767325652, 0.041942655382404555], [0.24137631083520877, -0.4223356718680662, 0.5155528937688665, 0.08540116120779308, -0.10619104137600603, -0.22002275894928797, -0.19060762455420752, 0.2611366763560219, 0.013656009469688753, 0.08487211760216863, -0.041169420911383536, -0.08338213571266598, 0.09428673918763948, 0.029299297789938804, 0.00419477550433402, -0.034589433877239506], [-1.4125538787067202, -0.1682212403889034, -0.09104292390876584, 0.11179522351823871, -0.15130606242444003, 0.12121338916576899, -0.06743292639860198, 0.013656009469688753, 47.40144481302894, 0.13951452543940218, -0.14905776385360048, 0.05709272518646406, 0.23473513184579556, -0.4951291220535564, 0.35099954760159646, -0.09855653952923876], [0.10641511236610368, -0.07170561367852257, 0.10469817702786437, -0.025290318922969825, -0.04236664919110573, 0.05770968683684978, -0.12385194183128505, 0.08487211760216863, 0.13951452543940218, 1.14682695799008, -1.0434274961291878, -0.20502392278192663, 0.3148878297063731, 0.52250493232149, 0.07773031242290997, -0.3724676533527299], [0.17175958179157425, 0.08609641228731386, -0.13515686979060085, 0.09821978476832355, -0.053066527574982064, 0.12085155477243904, -0.034792532856547584, -0.041169420911383536, -0.14905776385360048, -1.0434274961291878, 1.7685047184292921, -0.0737509297218256, -0.598169541238872, -0.6862993961539503, 0.011333947116445408, 0.5270483951533806], [-0.18357360912440457, 0.04387706243087869, -0.03302937208113248, -0.12158061723589651, 0.014261739212819606, 0.023443092034096988, 0.12090967187466271, -0.08338213571266598, 0.05709272518646406, -0.20502392278192663, -0.0737509297218256, 0.31595421253331046, 0.0014967019725738544, -0.06132303987028269, -0.11038664866919812, 0.04844226414159337], [-0.2538668551717898, -0.07867930796287456, 0.1748093088766539, 0.003271057375356354, 0.002905434656211827, -0.1140396937335033, -0.056755021420850385, 0.09428673918763948, 0.23473513184579556, 0.3148878297063731, -0.598169541238872, 0.0014967019725738544, 0.327413886433803, 0.16538118835916385, -0.023376528310641635, -0.16801769023913488], [0.5866033033408333, -0.05603975935734706, 0.0035484279681803565, 0.01704156194533605, 0.04669056075942697, -0.03020103846645758, -0.03783034042744512, 0.029299297789938804, -0.4951291220535564, 0.52250493232149, -0.6862993961539503, -0.06132303987028269, 0.16538118835916385, 0.3658091218276304, 0.018256409440341074, -0.23343801588789814], [-0.3413946669826237, 0.0510372072675463, -0.06922021356889543, 0.012834644492685735, 0.007893625324715464, 0.02452739592618383, -0.02482939767325652, 0.00419477550433402, 0.35099954760159646, 0.07773031242290997, 0.011333947116445408, -0.11038664866919812, -0.023376528310641635, 0.018256409440341074, 0.09443774360187294, -0.04822339520047979], [0.05495231814801383, 0.004504347756286452, 0.010397477092973204, -0.004768629796436123, -0.03925971180425282, 0.028310681100069145, 0.041942655382404555, -0.034589433877239506, -0.09855653952923876, -0.3724676533527299, 0.5270483951533806, 0.04844226414159337, -0.16801769023913488, -0.23343801588789814, -0.04822339520047979, 0.19506066994730878]]], "B_list": [{"B_d": [[0.002343746709858984], [2.299504456099392e-06], [6.473979957245423e-07]], "B_theta": [1.9152253784328812e-08], "B_const": [0.0034881531484261324]}, {"B_d": [[7.306508839168386e-06], [9.014819252597763e-07], [4.301190915573628e-07]], "B_theta": [6.431882963308801e-08], "B_const": [0.00010978272310348692]}, {"B_d": [[1.6499316831927238e-06], [4.3249855923438826e-07], [3.403148560042084e-07]], "B_theta": [4.945470720042358e-08], "B_const": [6.678237895754266e-05]}, {"B_d": [[1.5218253956127487e-07], [9.61399817963891e-08], [3.140276034988158e-07]], "B_theta": [4.345637846650287e-08], "B_const": [5.1225716547295184e-05]}, {"B_d": [[1.94643219669748e-07], [1.3709349847304125e-07], [3.1019283494581833e-07]], "B_theta": [4.372456440057067e-08], "B_const": [5.01498438322413e-05]}, {"B_d": [[4.4896312190334805e-07], [3.7907492582714074e-08], [2.991361932706572e-07]], "B_theta": [4.230135209690985e-08], "B_const": [4.2772350573552565e-05]}, {"B_d": [[8.078367279257317e-07], [1.2079150790685917e-07], [2.9136727214366324e-07]], "B_theta": [4.1563662559870215e-08], "B_const": [4.162436379240457e-05]}, {"B_d": [[7.450435840958416e-08], [1.6395993637226886e-07], [2.888657427510625e-07]], "B_theta": [4.143751745710397e-08], "B_const": [4.218551201512599e-05]}], "bic_scores": [-7.330575923624142, -21.8428214994949, -10.40406763849861, 6.994759666996693, 29.721332966096682, 57.07444605674239, 89.42382922589603, 126.61697575367793], "best_bic": -21.8428214994949, "best_bic_A": [[43.03792252497025, 0.14747666197595538, -1.4235245747442786, 0.168039469332166], [0.14747666197595538, 0.28101232226877326, -0.2031610407180087, 0.003964669769131224], [-1.4235245747442786, -0.2031610407180087, 47.4778725240497, 0.040483761509553594], [0.168039469332166, 0.003964669769131224, 0.040483761509553594, 0.3067270915989286]], "best_bic_B": {"B_d": [[7.306508839168386e-06], [9.014819252597763e-07], [4.301190915573628e-07]], "B_theta": [6.431882963308801e-08], "B_const": [0.00010978272310348692]}, "best_bic_deg": 2, "best_bic_deg_idx": 1, "aic_scores": [-8.922157014817625, -24.82703604548268, -15.57670618487743, -1.1620934253699033, 17.784474782145566, 40.56179223561, 67.53958922198565, 98.5653590213928], "best_aic": -24.82703604548268, "best_aic_A": [[43.03792252497025, 0.14747666197595538, -1.4235245747442786, 0.168039469332166], [0.14747666197595538, 0.28101232226877326, -0.2031610407180087, 0.003964669769131224], [-1.4235245747442786, -0.2031610407180087, 47.4778725240497, 0.040483761509553594], [0.168039469332166, 0.003964669769131224, 0.040483761509553594, 0.3067270915989286]], "best_aic_B": {"B_d": [[7.306508839168386e-06], [9.014819252597763e-07], [4.301190915573628e-07]], "B_theta": [6.431882963308801e-08], "B_const": [0.00010978272310348692]}, "best_aic_deg": 2, "best_aic_deg_idx": 1, "lr": [{"class_name": "PiecewiseConstantDecay", "config": {"boundaries": [8790], "values": [0.005, 0.001], "name": null}}, {"class_name": "PiecewiseConstantDecay", "config": {"boundaries": [8790], "values": [0.005, 0.001], "name": null}}, {"class_name": "PiecewiseConstantDecay", "config": {"boundaries": [8790], "values": [0.005, 0.001], "name": null}}, {"class_name": "PiecewiseConstantDecay", "config": {"boundaries": [8790], "values": [0.005, 0.001], "name": null}}, {"class_name": "PiecewiseConstantDecay", "config": {"boundaries": [8790], "values": [0.005, 0.001], "name": null}}, {"class_name": "PiecewiseConstantDecay", "config": {"boundaries": [8790], "values": [0.005, 0.001], "name": null}}, {"class_name": "PiecewiseConstantDecay", "config": {"boundaries": [8790], "values": [0.005, 0.001], "name": null}}, {"class_name": "PiecewiseConstantDecay", "config": {"boundaries": [8790], "values": [0.005, 0.001], "name": null}}], "optimizer": [{"class_name": "Adam", "config": {"name": "Adam", "learning_rate": {"class_name": "PiecewiseConstantDecay", "config": {"boundaries": [8790], "values": [0.005, 0.001], "name": null}}, "decay": 0.0, "beta_1": 0.9, "beta_2": 0.999, "epsilon": 1e-07, "amsgrad": false}}, {"class_name": "Adam", "config": {"name": "Adam", "learning_rate": {"class_name": "PiecewiseConstantDecay", "config": {"boundaries": [8790], "values": [0.005, 0.001], "name": null}}, "decay": 0.0, "beta_1": 0.9, "beta_2": 0.999, "epsilon": 1e-07, "amsgrad": false}}, {"class_name": "Adam", "config": {"name": "Adam", "learning_rate": {"class_name": "PiecewiseConstantDecay", "config": {"boundaries": [8790], "values": [0.005, 0.001], "name": null}}, "decay": 0.0, "beta_1": 0.9, "beta_2": 0.999, "epsilon": 1e-07, "amsgrad": false}}, {"class_name": "Adam", "config": {"name": "Adam", "learning_rate": {"class_name": "PiecewiseConstantDecay", "config": {"boundaries": [8790], "values": [0.005, 0.001], "name": null}}, "decay": 0.0, "beta_1": 0.9, "beta_2": 0.999, "epsilon": 1e-07, "amsgrad": false}}, {"class_name": "Adam", "config": {"name": "Adam", "learning_rate": {"class_name": "PiecewiseConstantDecay", "config": {"boundaries": [8790], "values": [0.005, 0.001], "name": null}}, "decay": 0.0, "beta_1": 0.9, "beta_2": 0.999, "epsilon": 1e-07, "amsgrad": false}}, {"class_name": "Adam", "config": {"name": "Adam", "learning_rate": {"class_name": "PiecewiseConstantDecay", "config": {"boundaries": [8790], "values": [0.005, 0.001], "name": null}}, "decay": 0.0, "beta_1": 0.9, "beta_2": 0.999, "epsilon": 1e-07, "amsgrad": false}}, {"class_name": "Adam", "config": {"name": "Adam", "learning_rate": {"class_name": "PiecewiseConstantDecay", "config": {"boundaries": [8790], "values": [0.005, 0.001], "name": null}}, "decay": 0.0, "beta_1": 0.9, "beta_2": 0.999, "epsilon": 1e-07, "amsgrad": false}}, {"class_name": "Adam", "config": {"name": "Adam", "learning_rate": {"class_name": "PiecewiseConstantDecay", "config": {"boundaries": [8790], "values": [0.005, 0.001], "name": null}}, "decay": 0.0, "beta_1": 0.9, "beta_2": 0.999, "epsilon": 1e-07, "amsgrad": false}}], "epochs": 50, "best_epochs": [49, 39, 44, 47, 49, 47, 45, 41], "batch_size": 1024}