{"degree": [1, 2, 3, 4, 5, 6, 7, 8], "losses": [-29.528761651683244, -38.87958724834537, -39.965995943206146, -40.36301832320204, -40.363117575320594, -40.43680367130295, -40.49939757303428, -40.473326503279736], "A_list": [[[10.522379988628446, -0.48143110258586214], [-0.48143110258586214, 12.180369652050045]], [[10.489549348092476, 0.002606721580044207, -0.4961621325536972, 0.06085545078136969], [0.002606721580044207, 0.07437202723137609, -0.02341259628884021, 0.005743161632143197], [-0.4961621325536972, -0.02341259628884021, 12.142841358790694, -0.034302965086547274], [0.06085545078136969, 0.005743161632143197, -0.034302965086547274, 0.07284571265948248]], [[10.495720956308842, -0.02496234422668648, 0.027780333197526416, -0.489881631295115, 0.08896284300222353, 0.0027337045258214922], [-0.02496234422668648, 0.30128320369027844, -0.14981567882529395, -0.03891421410826489, -0.0003102429539882908, 0.009719258480305625], [0.027780333197526416, -0.14981567882529395, 0.0989808345276785, -0.011419993298904968, -0.0008980856014777638, -0.0016120936767434742], [-0.489881631295115, -0.03891421410826489, -0.011419993298904968, 12.160192489421323, -0.04445963210804617, 0.02928888801895318], [0.08896284300222353, -0.0003102429539882908, -0.0008980856014777638, -0.04445963210804617, 0.3233363344816179, -0.16605721891198638], [0.0027337045258214922, 0.009719258480305625, -0.0016120936767434742, 0.02928888801895318, -0.16605721891198638, 0.10936368171224209]], [[10.565189564674277, -0.22373078162755292, 0.29131912707743274, -0.13986972591456326, -0.4876674703910952, 0.11453451539160973, -0.03627902213458802, 0.02256370966695015], [-0.22373078162755292, 1.3274377191167201, -1.8549290943593095, 0.8335653145454719, -0.04262744477653284, -0.0319269341448522, 0.0497267158161964, -0.026356080567867264], [0.29131912707743274, -1.8549290943593095, 2.9418000483701245, -1.3998530034761274, -0.010429393795957701, 0.025469539955997756, -0.03555909062649659, 0.028764978937435782], [-0.13986972591456326, 0.8335653145454719, -1.3998530034761274, 0.6906451805917595, -0.014483965563968504, -0.012255099600842426, 0.018746156345590216, -0.016083562126549055], [-0.4876674703910952, -0.04262744477653284, -0.010429393795957701, -0.014483965563968504, 12.200307026628195, -0.24522469056457435, 0.31716481206275143, -0.1367486103252863], [0.11453451539160973, -0.0319269341448522, 0.025469539955997756, -0.012255099600842426, -0.24522469056457435, 1.476183607873415, -2.041264128328965, 0.9227100905444109], [-0.03627902213458802, 0.0497267158161964, -0.03555909062649659, 0.018746156345590216, 0.31716481206275143, -2.041264128328965, 3.167332031378372, -1.5124003567731048], [0.02256370966695015, -0.026356080567867264, 0.028764978937435782, -0.016083562126549055, -0.1367486103252863, 0.9227100905444109, -1.5124003567731048, 0.7488308047422841]], [[10.608346799094612, -0.10697243889933827, 0.03835379803626085, 0.12197238508526158, -0.08331537938813997, -0.4945386025909847, 0.08462391950151614, 0.04044363275290319, -0.05011995951560201, 0.0485134427071085], [-0.10697243889933827, 0.7926153450089525, -0.8072242236753562, -0.049310760474333415, 0.28248101453994606, -0.0005863784116665677, -0.047894928714274705, 0.11045120574359263, -0.0994720892296918, 0.01786947777975871], [0.03835379803626085, -0.8072242236753562, 1.3399950444959685, -0.4810541763929555, -0.17120160818261054, -0.14159888222200936, 0.05444930566291758, -0.13703180384616642, 0.1166599902338408, -0.012780945246148017], [0.12197238508526158, -0.049310760474333415, -0.4810541763929555, 0.6858735399272258, -0.2197412599919859, 0.13784230419526292, -0.013736399206468533, 0.04493705190425265, -0.012143944556388947, -0.016496482905815114], [-0.08331537938813997, 0.28248101453994606, -0.17120160818261054, -0.2197412599919859, 0.17734915259644318, -0.0730316724808392, -0.006635603501631799, 0.008785452189240591, -0.02401829843890401, 0.012836001514326154], [-0.4945386025909847, -0.0005863784116665677, -0.14159888222200936, 0.13784230419526292, -0.0730316724808392, 12.194337281826021, -0.12326336235842025, 0.003933954395879206, 0.1626269060247338, -0.10787823298443228], [0.08462391950151614, -0.047894928714274705, 0.05444930566291758, -0.013736399206468533, -0.006635603501631799, -0.12326336235842025, 0.9200034502059224, -0.9279218510678482, -0.006918038187952545, 0.2997171586999999], [0.04044363275290319, 0.11045120574359263, -0.13703180384616642, 0.04493705190425265, 0.008785452189240591, 0.003933954395879206, -0.9279218510678482, 1.3937623354738446, -0.4380154530331827, -0.2149443788891385], [-0.05011995951560201, -0.0994720892296918, 0.1166599902338408, -0.012143944556388947, -0.02401829843890401, 0.1626269060247338, -0.006918038187952545, -0.4380154530331827, 0.5849906591043066, -0.18212688385842168], [0.0485134427071085, 0.01786947777975871, -0.012780945246148017, -0.016496482905815114, 0.012836001514326154, -0.10787823298443228, 0.2997171586999999, -0.2149443788891385, -0.18212688385842168, 0.17383528642214327]], [[10.567394883707193, -0.18837738760348766, 0.2948666236119724, -0.2071747776307399, 0.05712932739444698, -0.022585076670547394, -0.5191629444673689, 0.14338752497250049, -0.12619571022147957, 0.1686451924514029, -0.08300017929483393, 0.02510137960335916], [-0.18837738760348766, 1.2758910880034897, -1.8394533361631697, 0.29933969649239245, 1.1148616063686456, -0.5682041604135498, -0.02455447858057486, -0.014773451095928593, 0.006133622998713108, 0.04503084417629693, -0.08392055992492084, 0.025936605467035623], [0.2948666236119724, -1.8394533361631697, 3.5220702901404968, -1.1703490525717286, -2.026663890289732, 1.250017042531582, 0.0076070212498171325, 0.04741449677995245, -0.046072160039320055, -0.03664657608553258, 0.12749858204789163, -0.051308716261522634], [-0.2071747776307399, 0.29933969649239245, -1.1703490525717286, 0.7742827890739729, 0.6270199033854496, -0.5521842877837038, -0.061494256485709685, -0.14490324139845207, 0.2543937427956926, -0.09703619015142981, -0.1594037333237151, 0.10877421492576471], [0.05712932739444698, 1.1148616063686456, -2.026663890289732, 0.6270199033854496, 1.2621353993825948, -0.7765052217931251, 0.09415712442593976, 0.16235288742719114, -0.30285580262858885, 0.121125514723059, 0.16049928912030784, -0.1157810963925232], [-0.022585076670547394, -0.5682041604135498, 1.250017042531582, -0.5521842877837038, -0.7765052217931251, 0.5579684555063492, -0.05601145509041496, -0.06154962519119467, 0.1124877596133704, -0.034687018467829046, -0.0715260623512766, 0.04545178050584613], [-0.5191629444673689, -0.02455447858057486, 0.0076070212498171325, -0.061494256485709685, 0.09415712442593976, -0.05601145509041496, 12.228921027846788, -0.29917913350909164, 0.5773455272856611, -0.7781407592692845, 0.5733276935267873, -0.20098523152957945], [0.14338752497250049, -0.014773451095928593, 0.04741449677995245, -0.14490324139845207, 0.16235288742719114, -0.06154962519119467, -0.29917913350909164, 1.326094391345087, -1.8066234917415562, 0.28238434297422854, 1.0173084008141595, -0.4824776179187913], [-0.12619571022147957, 0.006133622998713108, -0.046072160039320055, 0.2543937427956926, -0.30285580262858885, 0.1124877596133704, 0.5773455272856611, -1.8066234917415562, 3.196425371054705, -0.8629964258484596, -1.9610128014555221, 1.1260883135022934], [0.1686451924514029, 0.04503084417629693, -0.03664657608553258, -0.09703619015142981, 0.121125514723059, -0.034687018467829046, -0.7781407592692845, 0.28238434297422854, -0.8629964258484596, 0.47423385037209276, 0.5647378845898603, -0.44567152595546544], [-0.08300017929483393, -0.08392055992492084, 0.12749858204789163, -0.1594037333237151, 0.16049928912030784, -0.0715260623512766, 0.5733276935267873, 1.0173084008141595, -1.9610128014555221, 0.5647378845898603, 1.3620154687513215, -0.8231110506927795], [0.02510137960335916, 0.025936605467035623, -0.051308716261522634, 0.10877421492576471, -0.1157810963925232, 0.04545178050584613, -0.20098523152957945, -0.4824776179187913, 1.1260883135022934, -0.44567152595546544, -0.8231110506927795, 0.5660229015175201]], [[10.587886449989812, -0.21038418446921733, 0.22954376807492657, 0.10154101486563609, -0.09261577691594476, -0.29483044301163536, 0.19062146721260784, -0.538829176349651, 0.2013453001561623, -0.3568794248145608, 0.3923468484019984, -0.011493301309290441, -0.21402343457950798, 0.10797802820976682], [-0.21038418446921733, 1.7189549198397132, -2.351620505135181, -0.01812415086695504, 1.18685151815061, 0.769370492611147, -0.9330174133576268, -0.023924474084901788, -0.08613583326690193, 0.14942992601057473, -0.05814479702566759, -0.07155321509081926, 0.02744695314614527, 0.013650501552850433], [0.22954376807492657, -2.351620505135181, 3.8364581125696517, -0.2648971643676581, -2.0353043457472637, -1.1605708619318822, 1.5982082835102864, 0.053871086610278125, 0.1503953155065085, -0.22774933763013216, 0.06244662039317464, 0.1277681637066912, -0.043608642240001556, -0.024428609154185498], [0.10154101486563609, -0.01812415086695504, -0.2648971643676581, 0.24637854508760548, 0.14451040531230533, 0.00872086039600317, -0.14911391785980166, 0.042902555600421007, -0.054395698234508315, 0.04083205765890346, 0.09011988405187728, -0.10020059211992587, -0.02483265272855701, 0.033534365204234556], [-0.09261577691594476, 1.18685151815061, -2.0353043457472637, 0.14451040531230533, 1.2025885452157548, 0.5598259543381866, -0.8742314237943273, -0.273716831453724, -0.11380869195087487, 0.16293461687434513, -0.049082260305624265, -0.08985025095138241, 0.058143864160427376, 0.011188092758861588], [-0.29483044301163536, 0.769370492611147, -1.1605708619318822, 0.00872086039600317, 0.5598259543381866, 0.4304471599746182, -0.48246179980389214, 0.35026564839914454, 0.11222071254309268, -0.10848428531365116, -0.08434188511041506, 0.0705194458586337, 0.08656394711180915, -0.06862098429804879], [0.19062146721260784, -0.9330174133576268, 1.5982082835102864, -0.14911391785980166, -0.8742314237943273, -0.48246179980389214, 0.6979290116555893, -0.1412865363501503, -0.026087273704219753, 0.014760149734410467, 0.03849693706199762, 0.029794219372741557, -0.090035990041927, 0.036522090324573396], [-0.538829176349651, -0.023924474084901788, 0.053871086610278125, 0.042902555600421007, -0.273716831453724, 0.35026564839914454, -0.1412865363501503, 12.30580043819033, -0.31791917105551887, 0.4218097929195403, -0.09666634168871939, -0.2089699354930192, 0.0029766210583319604, 0.07367858894403324], [0.2013453001561623, -0.08613583326690193, 0.1503953155065085, -0.054395698234508315, -0.11380869195087487, 0.11222071254309268, -0.026087273704219753, -0.31791917105551887, 1.9046470194399658, -2.5486706953331564, -0.106519563303258, 1.3673897869688376, 0.8747405578968478, -1.0527222401634335], [-0.3568794248145608, 0.14942992601057473, -0.22774933763013216, 0.04083205765890346, 0.16293461687434513, -0.10848428531365116, 0.014760149734410467, 0.4218097929195403, -2.5486706953331564, 4.00790042698783, -0.10963009058385746, -2.2619470274761797, -1.31047831376143, 1.768173256124714], [0.3923468484019984, -0.05814479702566759, 0.06244662039317464, 0.09011988405187728, -0.049082260305624265, -0.08434188511041506, 0.03849693706199762, -0.09666634168871939, -0.106519563303258, -0.10963009058385746, 0.2578667384045167, 0.05363083597691654, -0.05820447870174064, -0.07668167404827653], [-0.011493301309290441, -0.07155321509081926, 0.1277681637066912, -0.10020059211992587, -0.08985025095138241, 0.0705194458586337, 0.029794219372741557, -0.2089699354930192, 1.3673897869688376, -2.2619470274761797, 0.05363083597691654, 1.4104454293010922, 0.7038144625848114, -1.0408495131282427], [-0.21402343457950798, 0.02744695314614527, -0.043608642240001556, -0.02483265272855701, 0.058143864160427376, 0.08656394711180915, -0.090035990041927, 0.0029766210583319604, 0.8747405578968478, -1.31047831376143, -0.05820447870174064, 0.7038144625848114, 0.5465692052245713, -0.6049401287476764], [0.10797802820976682, 0.013650501552850433, -0.024428609154185498, 0.033534365204234556, 0.011188092758861588, -0.06862098429804879, 0.036522090324573396, 0.07367858894403324, -1.0527222401634335, 1.768173256124714, -0.07668167404827653, -1.0408495131282427, -0.6049401287476764, 0.8362857427315413]], [[10.719096541426648, -0.17782769533841877, 0.14167637345154832, 0.21834684813927496, -0.17212780015101575, -0.07578750915617834, -0.1323689623388237, 0.12909091377949863, -0.37082498951343185, 0.11186269640700969, -0.06502041528940912, 0.14722459327118004, -0.2596751426289485, 0.20317835416206417, 0.04852308766997808, -0.06840451164308584], [-0.17782769533841877, 1.4022734036355253, -1.5825870429101012, -0.4480216975468149, 0.6545663388915859, 0.7633918243223718, 0.20146988359658524, -0.6628518837880478, -0.04590587467205478, 0.003839904155346104, -0.040240164814277446, 0.09549445290732564, -0.0598807505291067, -0.11244022281645649, 0.1661781439782966, -0.06226843110147997], [0.14167637345154832, -1.5825870429101012, 2.285474228507864, 0.27420712521516516, -1.0162862732305218, -0.956336595577951, -0.1469647651877189, 0.880826564380518, 0.06225673652690366, -0.03267326368505583, 0.04286215163780779, -0.011306820196898009, 0.08028267396470613, -0.00017955687015216943, -0.22601291815869087, 0.14460026179465613], [0.21834684813927496, -0.4480216975468149, 0.27420712521516516, 0.4249937032253006, -0.1356838586494036, -0.2797357025502386, -0.1453177210194481, 0.1953205541526348, 0.0025682722534372923, 0.13211281256561883, -0.14433978692483948, -0.11554411424285725, 0.08623952578301723, 0.21687585936358048, -0.03377689915029204, -0.09157026941386555], [-0.17212780015101575, 0.6545663388915859, -1.0162862732305218, -0.1356838586494036, 0.5760865287960444, 0.3732970200727291, 0.052025507167815586, -0.39761958850245005, -0.24680466283296182, -0.09462006092325272, 0.17515188737024517, 0.020231455389648642, -0.13456688834081218, -0.08851723217969579, 0.06724610455253649, 0.03924755897467375], [-0.07578750915617834, 0.7633918243223718, -0.956336595577951, -0.2797357025502386, 0.3732970200727291, 0.5385262281359029, 0.09719696102242098, -0.41256493657696, 0.2930485633706474, -0.013028253100228846, -0.06995539247149411, 0.07911923562448892, -0.028494564902272354, -0.056828463119552634, 0.10790069353188816, -0.06012947972590938], [-0.1323689623388237, 0.20146988359658524, -0.1469647651877189, -0.1453177210194481, 0.052025507167815586, 0.09719696102242098, 0.10702351025273237, -0.10562619355477852, -0.084002315253653, -0.0011430302729544166, 0.020369969494342232, 0.007106035331286082, 0.03357015005844186, -0.06712860150717564, 0.015220669872353895, 0.0034144614276250787], [0.12909091377949863, -0.6628518837880478, 0.880826564380518, 0.1953205541526348, -0.39761958850245005, -0.41256493657696, -0.10562619355477852, 0.3808457336333714, -0.03351224070708925, 0.02494948377737198, -0.02061021597943803, -0.03982112946182817, 0.030648152674317086, 0.0729104431637001, -0.07954291489751976, 0.02390123180140726], [-0.37082498951343185, -0.04590587467205478, 0.06225673652690366, 0.0025682722534372923, -0.24680466283296182, 0.2930485633706474, -0.084002315253653, -0.03351224070708925, 12.342140987988742, -0.1451594290878482, -0.08446779567863533, 0.24925879878427637, 0.3088347237979169, -0.5433095444990861, -0.19057677598539224, 0.2925000336025188], [0.11186269640700969, 0.003839904155346104, -0.03267326368505583, 0.13211281256561883, -0.09462006092325272, -0.013028253100228846, -0.0011430302729544166, 0.02494948377737198, -0.1451594290878482, 1.5302038501156356, -1.7318254044009547, -0.3150134649668244, 0.4848723454385452, 0.8699274956006052, 0.2778243420532203, -0.7341164074322857], [-0.06502041528940912, -0.040240164814277446, 0.04286215163780779, -0.14433978692483948, 0.17515188737024517, -0.06995539247149411, 0.020369969494342232, -0.02061021597943803, -0.08446779567863533, -1.7318254044009547, 2.3925489709349947, 0.21267679302634748, -0.8410251350113097, -1.091480767201406, -0.23323149169565702, 0.967965883256031], [0.14722459327118004, 0.09549445290732564, -0.011306820196898009, -0.11554411424285725, 0.020231455389648642, 0.07911923562448892, 0.007106035331286082, -0.03982112946182817, 0.24925879878427637, -0.3150134649668244, 0.21267679302634748, 0.2652349120110838, -0.012750135965700711, -0.30429551129085547, -0.11115611520653791, 0.1798459276080035], [-0.2596751426289485, -0.0598807505291067, 0.08028267396470613, 0.08623952578301723, -0.13456688834081218, -0.028494564902272354, 0.03357015005844186, 0.030648152674317086, 0.3088347237979169, 0.4848723454385452, -0.8410251350113097, -0.012750135965700711, 0.5552867512505777, 0.2629302303767367, -0.06814232174762898, -0.2859217894941805], [0.20317835416206417, -0.11244022281645649, -0.00017955687015216943, 0.21687585936358048, -0.08851723217969579, -0.056828463119552634, -0.06712860150717564, 0.0729104431637001, -0.5433095444990861, 0.8699274956006052, -1.091480767201406, -0.30429551129085547, 0.2629302303767367, 0.7796845631578109, 0.19915300361496152, -0.5633884386591581], [0.04852308766997808, 0.1661781439782966, -0.22601291815869087, -0.03377689915029204, 0.06724610455253649, 0.10790069353188816, 0.015220669872353895, -0.07954291489751976, -0.19057677598539224, 0.2778243420532203, -0.23323149169565702, -0.11115611520653791, -0.06814232174762898, 0.19915300361496152, 0.16319143112066092, -0.16673407062561352], [-0.06840451164308584, -0.06226843110147997, 0.14460026179465613, -0.09157026941386555, 0.03924755897467375, -0.06012947972590938, 0.0034144614276250787, 0.02390123180140726, 0.2925000336025188, -0.7341164074322857, 0.967965883256031, 0.1798459276080035, -0.2859217894941805, -0.5633884386591581, -0.16673407062561352, 0.47008355121923845]]], "B_list": [{"B_d": [[9.732402877721747e-05], [5.967924158751793e-06], [2.173277551434107e-07]], "B_theta": [5.4736782951969165e-08], "B_const": [0.0013815173743337663]}, {"B_d": [[9.856783744215284e-06], [1.1159666777180882e-06], [4.058365493136001e-07]], "B_theta": [1.1848626799531622e-07], "B_const": [0.0002666169502634284]}, {"B_d": [[1.7695678361371723e-06], [7.938842122953835e-07], [3.838380428344224e-07]], "B_theta": [1.1266682813305806e-07], "B_const": [0.00018484770576264635]}, {"B_d": [[6.713582507723116e-06], [2.490268435102098e-07], [3.7537985335205835e-07]], "B_theta": [1.1047414438509926e-07], "B_const": [0.00014682212589591065]}, {"B_d": [[3.5901186333898864e-07], [1.1886339231051188e-06], [3.5381881223665334e-07]], "B_theta": [1.1062610604960105e-07], "B_const": [0.0001462209266387802]}, {"B_d": [[2.0795011251323242e-06], [3.979833790234694e-07], [3.7539774566850917e-07]], "B_theta": [1.0985229273998657e-07], "B_const": [0.00013812140128104583]}, {"B_d": [[4.40308728569393e-06], [9.441256984151582e-08], [3.733200121932808e-07]], "B_theta": [1.0762163545956549e-07], "B_const": [0.0001284376938985241]}, {"B_d": [[9.501310076999702e-07], [2.578246929692188e-07], [3.7030005387299594e-07]], "B_theta": [1.0635658414491203e-07], "B_const": [0.00012920758503985453]}], "bic_scores": [-19.93718056048976, -20.895372702357594, -8.793357396827325, 8.793834769164555, 31.573740608630523, 59.07585014982944, 91.38484243087609, 128.5782902290054], "best_bic": -20.895372702357594, "best_bic_A": [[10.489549348092476, 0.002606721580044207, -0.4961621325536972, 0.06085545078136969], [0.002606721580044207, 0.07437202723137609, -0.02341259628884021, 0.005743161632143197], [-0.4961621325536972, -0.02341259628884021, 12.142841358790694, -0.034302965086547274], [0.06085545078136969, 0.005743161632143197, -0.034302965086547274, 0.07284571265948248]], "best_bic_B": {"B_d": [[9.856783744215284e-06], [1.1159666777180882e-06], [4.058365493136001e-07]], "B_theta": [1.1848626799531622e-07], "B_const": [0.0002666169502634284]}, "best_bic_deg": 2, "best_bic_deg_idx": 1, "aic_scores": [-21.528761651683244, -23.879587248345373, -13.965995943206146, 0.6369816767979586, 19.636882424679406, 42.56319632869705, 69.50060242696571, 100.52667349672026], "best_aic": -23.879587248345373, "best_aic_A": [[10.489549348092476, 0.002606721580044207, -0.4961621325536972, 0.06085545078136969], [0.002606721580044207, 0.07437202723137609, -0.02341259628884021, 0.005743161632143197], [-0.4961621325536972, -0.02341259628884021, 12.142841358790694, -0.034302965086547274], [0.06085545078136969, 0.005743161632143197, -0.034302965086547274, 0.07284571265948248]], "best_aic_B": {"B_d": [[9.856783744215284e-06], [1.1159666777180882e-06], [4.058365493136001e-07]], "B_theta": [1.1848626799531622e-07], "B_const": [0.0002666169502634284]}, "best_aic_deg": 2, "best_aic_deg_idx": 1, "lr": [{"class_name": "PiecewiseConstantDecay", "config": {"boundaries": [6300], "values": [0.005, 0.005], "name": null}}, {"class_name": "PiecewiseConstantDecay", "config": {"boundaries": [6300], "values": [0.005, 0.005], "name": null}}, {"class_name": "PiecewiseConstantDecay", "config": {"boundaries": [6300], "values": [0.005, 0.005], "name": null}}, {"class_name": "PiecewiseConstantDecay", "config": {"boundaries": [6300], "values": [0.005, 0.005], "name": null}}, {"class_name": "PiecewiseConstantDecay", "config": {"boundaries": [6300], "values": [0.005, 0.005], "name": null}}, {"class_name": "PiecewiseConstantDecay", "config": {"boundaries": [6300], "values": [0.005, 0.005], "name": null}}, {"class_name": "PiecewiseConstantDecay", "config": {"boundaries": [6300], "values": [0.005, 0.005], "name": null}}, {"class_name": "PiecewiseConstantDecay", "config": {"boundaries": [6300], "values": [0.005, 0.005], "name": null}}], "optimizer": [{"class_name": "Adam", "config": {"name": "Adam", "learning_rate": 0.005, "decay": 0.0, "beta_1": 0.9, "beta_2": 0.999, "epsilon": 1e-07, "amsgrad": false}}, {"class_name": "Adam", "config": {"name": "Adam", "learning_rate": 0.005, "decay": 0.0, "beta_1": 0.9, "beta_2": 0.999, "epsilon": 1e-07, "amsgrad": false}}, {"class_name": "Adam", "config": {"name": "Adam", "learning_rate": 0.005, "decay": 0.0, "beta_1": 0.9, "beta_2": 0.999, "epsilon": 1e-07, "amsgrad": false}}, {"class_name": "Adam", "config": {"name": "Adam", "learning_rate": 0.005, "decay": 0.0, "beta_1": 0.9, "beta_2": 0.999, "epsilon": 1e-07, "amsgrad": false}}, {"class_name": "Adam", "config": {"name": "Adam", "learning_rate": 0.005, "decay": 0.0, "beta_1": 0.9, "beta_2": 0.999, "epsilon": 1e-07, "amsgrad": false}}, {"class_name": "Adam", "config": {"name": "Adam", "learning_rate": 0.005, "decay": 0.0, "beta_1": 0.9, "beta_2": 0.999, "epsilon": 1e-07, "amsgrad": false}}, {"class_name": "Adam", "config": {"name": "Adam", "learning_rate": 0.005, "decay": 0.0, "beta_1": 0.9, "beta_2": 0.999, "epsilon": 1e-07, "amsgrad": false}}, {"class_name": "Adam", "config": {"name": "Adam", "learning_rate": 0.005, "decay": 0.0, "beta_1": 0.9, "beta_2": 0.999, "epsilon": 1e-07, "amsgrad": false}}], "epochs": 50, "best_epochs": [49, 43, 49, 38, 49, 49, 45, 46], "batch_size": 256}