{"degree": [1, 2, 3, 4, 5, 6, 7, 8], "losses": [456.69903344119456, 183.54296229738063, 14.779541184678479, -110.35902561697347, -211.05234630960874, -293.977830414685, -345.96296400104825, -364.02565017258405], "A_list": [[[39.02606841740071, -1.6009663648437182], [-1.6009663648437182, 36.668570255006934]], [[43.475101191302485, -0.6164128014353797, -1.3921215071705821, 0.02833445099715318], [-0.6164128014353797, 0.08466924599866925, -0.04353957756157308, 6.78759311536237e-05], [-1.3921215071705821, -0.04353957756157308, 42.552147782032556, -0.7625581381168328], [0.02833445099715318, 6.78759311536237e-05, -0.7625581381168328, 0.09629465748940107]], [[42.94026251711156, -0.6911241273935487, 0.0055093884706252025, -1.4784915655104345, 0.0527749897000945, -0.0036375512960272072], [-0.6911241273935487, 0.21105264047375882, -0.010138520524767644, -0.06915232004087593, 0.0009110565691865994, 0.0005035775244091635], [0.0055093884706252025, -0.010138520524767644, 0.0008163985218132894, 0.0029336126999036987, -0.0005914987075833674, 1.3145024307067213e-06], [-1.4784915655104345, -0.06915232004087593, 0.0029336126999036987, 42.08909939964592, -0.8620574686745859, 0.007976869525636004], [0.0527749897000945, 0.0009110565691865994, -0.0005914987075833674, -0.8620574686745859, 0.2363987074657584, -0.011252052457535097], [-0.0036375512960272072, 0.0005035775244091635, 1.3145024307067213e-06, 0.007976869525636004, -0.011252052457535097, 0.0009012385698512494]], [[42.25180958928274, -0.5081722638825394, -0.015874419924924606, 0.0013198073270369575, -1.4849365915551938, 0.052626054643435706, -0.006263141175701457, 0.0002770637889324691], [-0.5081722638825394, 0.29611255841678225, -0.03576241252472299, 0.0014771168895961117, -0.059909984479989596, 0.0002463586198427387, 0.0024241918857875826, -0.0001874576229534572], [-0.015874419924924606, -0.03576241252472299, 0.007538108789466595, -0.00039018723219508674, 0.0047878118133833705, -0.0024289708680748797, -1.0131073654733616e-06, 1.408165159971422e-05], [0.0013198073270369575, 0.0014771168895961117, -0.00039018723219508674, 2.2629149270062625e-05, -0.00020199063620821088, 0.0001763924677663839, -1.3434659198311262e-05, -5.801725197211465e-09], [-1.4849365915551938, -0.059909984479989596, 0.0047878118133833705, -0.00020199063620821088, 41.198620377905975, -0.6398968459575078, -0.020924592746787967, 0.001761828237337725], [0.052626054643435706, 0.0002463586198427387, -0.0024289708680748797, 0.0001763924677663839, -0.6398968459575078, 0.3252114546086013, -0.03843383862243037, 0.0015632263756924652], [-0.006263141175701457, 0.0024241918857875826, -1.0131073654733616e-06, -1.3434659198311262e-05, -0.020924592746787967, -0.03843383862243037, 0.00811290748061157, -0.00041740976595331124], [0.0002770637889324691, -0.0001874576229534572, 1.408165159971422e-05, -5.801725197211465e-09, 0.001761828237337725, 0.0015632263756924652, -0.00041740976595331124, 2.4121296164695627e-05]], [[42.0214938965733, -0.4296853511853287, -0.019011712077447483, 0.0007928995976533759, 1.5924303195461717e-05, -1.5122479870613401, 0.04124762094616742, -0.004131559477108788, 0.0003315574971387642, -1.4870882040014825e-05], [-0.4296853511853287, 0.3238322103405537, -0.06769673753817422, 0.006640054421602671, -0.00023599722010928792, -0.04673126411129828, -0.0003601872647576155, 0.00449839223813991, -0.000777480219607149, 3.951086799480955e-05], [-0.019011712077447483, -0.06769673753817422, 0.025499361871183106, -0.003080611660520035, 0.00012369464849381652, 0.0025190383357369217, -0.0036635340794304266, -0.00013154551315312015, 0.0001303478184262525, -9.109418847095703e-06], [0.0007928995976533759, 0.006640054421602671, -0.003080611660520035, 0.00042043895845338006, -1.8296867178359823e-05, -0.000220849344682157, 0.000648391930618034, -9.070509727842192e-05, -3.016583952554177e-06, 6.267864435194535e-07], [1.5924303195461717e-05, -0.00023599722010928792, 0.00012369464849381652, -1.8296867178359823e-05, 8.412275586241336e-07, 1.3285941839360878e-05, -3.31693329160132e-05, 7.14310021348368e-06, -3.333382443541779e-07, -6.945651586866165e-09], [-1.5122479870613401, -0.04673126411129828, 0.0025190383357369217, -0.000220849344682157, 1.3285941839360878e-05, 41.01811200272179, -0.5589661033441284, -0.021316787350250284, 0.0007949970375958363, 3.5993160573445056e-05], [0.04124762094616742, -0.0003601872647576155, -0.0036635340794304266, 0.000648391930618034, -3.31693329160132e-05, -0.5589661033441284, 0.34734154383845267, -0.06993498481300166, 0.006734087698772739, -0.00023786555029926295], [-0.004131559477108788, 0.00449839223813991, -0.00013154551315312015, -9.070509727842192e-05, 7.14310021348368e-06, -0.021316787350250284, -0.06993498481300166, 0.026271718691697157, -0.0031558673471475977, 0.00012656370930180612], [0.0003315574971387642, -0.000777480219607149, 0.0001303478184262525, -3.016583952554177e-06, -3.333382443541779e-07, 0.0007949970375958363, 0.006734087698772739, -0.0031558673471475977, 0.0004313643797325943, -1.8810955211635885e-05], [-1.4870882040014825e-05, 3.951086799480955e-05, -9.109418847095703e-06, 6.267864435194535e-07, -6.945651586866165e-09, 3.5993160573445056e-05, -0.00023786555029926295, 0.00012656370930180612, -1.8810955211635885e-05, 8.677900390072213e-07]], [[42.011168175369896, -0.37025701535188027, -0.023984819725520426, -0.0006991870173649037, 0.0002706528504815, -9.935815286193693e-06, -1.4859131094210891, 0.035729663278669714, -0.0013354992837129043, -5.071558121891653e-05, -3.471799695360829e-06, 5.881243371378233e-07], [-0.37025701535188027, 0.2667811842440057, -0.06185817876903968, 0.008075169743118667, -0.0004896683671091311, 1.0042727636119053e-05, -0.04189953640735048, -0.0009791464845683123, 0.003331362919163928, -0.0006775177078461778, 6.073231251546324e-05, -2.1136316227840587e-06], [-0.023984819725520426, -0.06185817876903968, 0.030138352057472076, -0.005229350165752492, 0.0003993037203155216, -1.124127769432022e-05, 0.00020035558512004268, -0.0022809375810798147, -0.0001446259043533845, 0.00016979076055285416, -2.3789449836215368e-05, 1.035783149869996e-06], [-0.0006991870173649037, 0.008075169743118667, -0.005229350165752492, 0.0011477269012315728, -0.00010686607382140728, 3.6254156903387187e-06, -8.934829668487313e-05, 0.0005151550701774428, -0.00013459919967997915, -2.6434862791423143e-06, 2.6598746338915872e-06, -1.661854859320064e-07], [0.0002706528504815, -0.0004896683671091311, 0.0003993037203155216, -0.00010686607382140728, 1.1497081948520839e-05, -4.358919867566142e-07, 3.686032693433775e-05, -5.18548341159157e-05, 2.254899844005847e-05, -2.3471084000627668e-06, -1.5817720814255558e-08, 8.721068126989387e-09], [-9.935815286193693e-06, 1.0042727636119053e-05, -1.124127769432022e-05, 3.6254156903387187e-06, -4.358919867566142e-07, 1.7807721514153092e-08, -2.0107877687995643e-06, 1.9925484568059307e-06, -1.0448228177309647e-06, 1.5673916501306294e-07, -7.00624713447045e-09, -5.366982671927777e-11], [-1.4859131094210891, -0.04189953640735048, 0.00020035558512004268, -8.934829668487313e-05, 3.686032693433775e-05, -2.0107877687995643e-06, 40.96658922722269, -0.5052370039721822, -0.024895635876766825, -0.0011802328080180793, 0.0003517007138433999, -1.2357938265287517e-05], [0.035729663278669714, -0.0009791464845683123, -0.0022809375810798147, 0.0005151550701774428, -5.18548341159157e-05, 1.9925484568059307e-06, -0.5052370039721822, 0.29544167416976774, -0.06712146817266704, 0.00874056309625719, -0.0005332442117992396, 1.1084656073071654e-05], [-0.0013354992837129043, 0.003331362919163928, -0.0001446259043533845, -0.00013459919967997915, 2.254899844005847e-05, -1.0448228177309647e-06, -0.024895635876766825, -0.06712146817266704, 0.032475343278659655, -0.005616353779779092, 0.00042802103129196387, -1.2040282353193753e-05], [-5.071558121891653e-05, -0.0006775177078461778, 0.00016979076055285416, -2.6434862791423143e-06, -2.3471084000627668e-06, 1.5673916501306294e-07, -0.0011802328080180793, 0.00874056309625719, -0.005616353779779092, 0.0012280687861524588, -0.00011403698137324606, 3.8625044980634825e-06], [-3.471799695360829e-06, 6.073231251546324e-05, -2.3789449836215368e-05, 2.6598746338915872e-06, -1.5817720814255558e-08, -7.00624713447045e-09, 0.0003517007138433999, -0.0005332442117992396, 0.00042802103129196387, -0.00011403698137324606, 1.2237259011502979e-05, -4.633731853707836e-07], [5.881243371378233e-07, -2.1136316227840587e-06, 1.035783149869996e-06, -1.661854859320064e-07, 8.721068126989387e-09, -5.366982671927777e-11, -1.2357938265287517e-05, 1.1084656073071654e-05, -1.2040282353193753e-05, 3.8625044980634825e-06, -4.633731853707836e-07, 1.8916032134410397e-08]], [[41.90916947641623, -0.32844032936023254, -0.03670836873229683, 0.0004976412922191761, 0.00019991312659125305, 2.0370290194329626e-06, -8.163875710101574e-07, -1.4873985548349113, 0.03498090050045727, -0.0008876311642772479, -0.00018990465939853, 2.518544726114874e-06, 1.8918307777453991e-06, -1.0008156880956282e-07], [-0.32844032936023254, 0.20463251333847923, -0.04015113648143363, 0.005190865399174786, -0.00028536421621403206, -5.173424426855005e-06, 8.057344566479476e-07, -0.041096182763087664, -0.0008327536158297885, 0.0026150183040042213, -0.00042252795876082953, 3.32103628618606e-05, -1.729715571978909e-06, 5.511228202537162e-08], [-0.03670836873229683, -0.04015113648143363, 0.021891713830849036, -0.004012850640953514, 0.00029977927848236224, -4.216027178549999e-06, -3.1767931381021e-07, -0.0006330912877772636, -0.0011978048144225244, -0.0004128139060971896, 0.0001875910467751356, -2.6438268615700934e-05, 1.700103602777187e-06, -4.377813643973087e-08], [0.0004976412922191761, 0.005190865399174786, -0.004012850640953514, 0.0010049334921122613, -0.00011014882332797203, 5.0822381027075365e-06, -6.287253986513602e-08, 0.00022097635706723126, 0.0001292820754570771, 7.855537116939221e-06, -2.702129982244233e-05, 6.272740494434612e-06, -5.622214872783836e-07, 1.8132582629931147e-08], [0.00019991312659125305, -0.00028536421621403206, 0.00029977927848236224, -0.00011014882332797203, 1.7897704912609673e-05, -1.3485038510227805e-06, 3.865985793898982e-08, 5.349630150484116e-06, -1.0456079461583848e-05, 5.44989725623888e-06, 9.927242090465257e-07, -6.014070713006283e-07, 7.656018671639534e-08, -3.0644833960183843e-09], [2.0370290194329626e-06, -5.173424426855005e-06, -4.216027178549999e-06, 5.0822381027075365e-06, -1.3485038510227805e-06, 1.395103867151111e-07, -5.0875292385794964e-09, -1.9038468529448398e-06, 1.435231791475659e-06, -7.51919296859199e-07, 9.336828686910723e-08, 1.8690434068874052e-08, -4.342916322103057e-09, 2.1797393558894288e-10], [-8.163875710101574e-07, 8.057344566479476e-07, -3.1767931381021e-07, -6.287253986513602e-08, 3.865985793898982e-08, -5.0875292385794964e-09, 2.1044240030173816e-10, 7.312581956480379e-08, -8.220904250423518e-08, 3.2274733466501305e-08, -6.471737987416938e-09, 1.5417592066832595e-10, 7.741256986495654e-11, -5.388229348235285e-12], [-1.4873985548349113, -0.041096182763087664, -0.0006330912877772636, 0.00022097635706723126, 5.349630150484116e-06, -1.9038468529448398e-06, 7.312581956480379e-08, 40.88167837752768, -0.46587957379019773, -0.03633451942200061, 1.2462608324038255e-05, 0.00024580599571411444, 3.0796587983254556e-06, -9.255179697598556e-07], [0.03498090050045727, -0.0008327536158297885, -0.0011978048144225244, 0.0001292820754570771, -1.0456079461583848e-05, 1.435231791475659e-06, -8.220904250423518e-08, -0.46587957379019773, 0.22786475440050258, -0.04352413551540509, 0.005713430057662136, -0.00034075452391438504, -2.3803861756972987e-06, 7.634262398016524e-07], [-0.0008876311642772479, 0.0026150183040042213, -0.0004128139060971896, 7.855537116939221e-06, 5.44989725623888e-06, -7.51919296859199e-07, 3.2274733466501305e-08, -0.03633451942200061, -0.04352413551540509, 0.023742685137642057, -0.004415733696744421, 0.0003442936942427594, -6.575424591807054e-06, -2.734451403770673e-07], [-0.00018990465939853, -0.00042252795876082953, 0.0001875910467751356, -2.702129982244233e-05, 9.927242090465257e-07, 9.336828686910723e-08, -6.471737987416938e-09, 1.2462608324038255e-05, 0.005713430057662136, -0.004415733696744421, 0.0011131463711100626, -0.0001237828423488588, 5.8975996161435504e-06, -8.110636333292255e-08], [2.518544726114874e-06, 3.32103628618606e-05, -2.6438268615700934e-05, 6.272740494434612e-06, -6.014070713006283e-07, 1.8690434068874052e-08, 1.5417592066832595e-10, 0.00024580599571411444, -0.00034075452391438504, 0.0003442936942427594, -0.0001237828423488588, 1.986160870986249e-05, -1.4842935319805915e-06, 4.2282104521893535e-08], [1.8918307777453991e-06, -1.729715571978909e-06, 1.700103602777187e-06, -5.622214872783836e-07, 7.656018671639534e-08, -4.342916322103057e-09, 7.741256986495654e-11, 3.0796587983254556e-06, -2.3803861756972987e-06, -6.575424591807054e-06, 5.8975996161435504e-06, -1.4842935319805915e-06, 1.504325295117031e-07, -5.427117975470641e-09], [-1.0008156880956282e-07, 5.511228202537162e-08, -4.377813643973087e-08, 1.8132582629931147e-08, -3.0644833960183843e-09, 2.1797393558894288e-10, -5.388229348235285e-12, -9.255179697598556e-07, 7.634262398016524e-07, -2.734451403770673e-07, -8.110636333292255e-08, 4.2282104521893535e-08, -5.427117975470641e-09, 2.2243391593274064e-10]], [[41.994460754016316, -0.32845448885694395, -0.036913974332104985, 0.0007392141964750665, 0.00014814681705400072, 7.387340427526226e-06, -1.1698713765883412e-06, 1.1041418003451034e-08, -1.4642131274311565, 0.024912054186565523, 0.0034937497745278555, -0.0009079243176665973, 5.026144613896211e-05, -2.996644416291147e-06, 6.368121975377376e-07, -3.880102997375392e-08], [-0.32845448885694395, 0.21406710587643563, -0.04555279272687342, 0.005775387705675105, -0.000159806652659797, -3.871037146912603e-05, 3.5445880221344905e-06, -7.830281239119046e-08, -0.04411190638431124, -0.000656128659824579, 0.0030033202990341276, -0.0005074591807583141, 3.0173534432027987e-05, 7.21928533086055e-07, -1.9471173761515572e-07, 8.111907559745382e-09], [-0.036913974332104985, -0.04555279272687342, 0.025507278523328958, -0.004518817843951615, 0.00021719720485246076, 2.4602275713783326e-05, -3.0887556371628165e-06, 9.165604395466292e-08, -0.00020575728887210908, -0.001704008319733332, -0.00036813254838749505, 0.00018244179007854402, -2.1022988515087737e-05, 2.856187828509062e-07, 9.915629991073127e-08, -5.039795198832894e-09], [0.0007392141964750665, 0.005775387705675105, -0.004518817843951615, 0.0010763386543520131, -8.16991387942313e-05, -4.564050850777985e-06, 9.652164658975657e-07, -3.7599645140438746e-08, 7.792044909987892e-05, 0.0003112489974848639, -6.243122683209565e-05, -1.0209521309834945e-05, 3.7375525965047486e-06, -2.70189978488411e-07, -6.236381702230754e-09, 9.153973237164699e-10], [0.00014814681705400072, -0.000159806652659797, 0.00021719720485246076, -8.16991387942313e-05, 9.79112022267881e-06, 1.6082199433692592e-07, -1.0324401404397188e-07, 5.079379629161022e-09, 3.5718651930450615e-05, -2.485020636295216e-05, 1.5567799472432814e-05, -2.677320612028085e-06, -4.654920885183766e-08, 4.506323015521304e-08, -3.124528352618935e-09, 4.292486962692321e-11], [7.387340427526226e-06, -3.871037146912603e-05, 2.4602275713783326e-05, -4.564050850777985e-06, 1.6082199433692592e-07, 3.095131959252928e-08, -2.5758735562986313e-09, 3.471608794279676e-11, -4.535455056466428e-06, 4.990591885584809e-07, -7.177280856426789e-07, 3.503812695078761e-07, -4.553903633057578e-08, -5.298900299567982e-10, 4.405216987392024e-10, -2.109020549915559e-11], [-1.1698713765883412e-06, 3.5445880221344905e-06, -3.0887556371628165e-06, 9.652164658975657e-07, -1.0324401404397188e-07, -2.5758735562986313e-09, 1.1268783763959988e-09, -5.282039753966802e-11, 1.018756331412541e-07, 6.000825732640168e-08, -4.861234115629195e-08, -5.895175854698296e-09, 3.962132843257302e-09, -3.761041512440311e-10, -4.873914771458153e-12, 1.2750252913963242e-12], [1.1041418003451034e-08, -7.830281239119046e-08, 9.165604395466292e-08, -3.7599645140438746e-08, 5.079379629161022e-09, 3.471608794279676e-11, -5.282039753966802e-11, 2.7842752700197843e-12, 6.025307572793127e-09, -3.503022146888528e-09, 3.779152561969327e-09, -5.047815540039634e-10, -8.967418505083151e-11, 2.1260855645438264e-11, -9.98780051469953e-13, -6.197330870556426e-15], [-1.4642131274311565, -0.04411190638431124, -0.00020575728887210908, 7.792044909987892e-05, 3.5718651930450615e-05, -4.535455056466428e-06, 1.018756331412541e-07, 6.025307572793127e-09, 40.879172517569266, -0.46013833998868586, -0.03814454360369566, 0.0004333387901832698, 0.00017718524812198512, 1.5305735860311914e-05, -2.216277132631451e-06, 5.1404983827134814e-08], [0.024912054186565523, -0.000656128659824579, -0.001704008319733332, 0.0003112489974848639, -2.485020636295216e-05, 4.990591885584809e-07, 6.000825732640168e-08, -3.503022146888528e-09, -0.46013833998868586, 0.23465752998857484, -0.0483501495195703, 0.0061723736543625885, -0.00018406702768530237, -4.174811321460993e-05, 4.10172317846965e-06, -1.0194505933186255e-07], [0.0034937497745278555, 0.0030033202990341276, -0.00036813254838749505, -6.243122683209565e-05, 1.5567799472432814e-05, -7.177280856426789e-07, -4.861234115629195e-08, 3.779152561969327e-09, -0.03814454360369566, -0.0483501495195703, 0.027424301951648376, -0.004924170733122032, 0.000246936487597681, 2.6358434005694736e-05, -3.482214460947974e-06, 1.0824107192395086e-07], [-0.0009079243176665973, -0.0005074591807583141, 0.00018244179007854402, -1.0209521309834945e-05, -2.677320612028085e-06, 3.503812695078761e-07, -5.895175854698296e-09, -5.047815540039634e-10, 0.0004333387901832698, 0.0061723736543625885, -0.004924170733122032, 0.0011806746476775742, -9.036373316492962e-05, -5.015774309382229e-06, 1.076787134725871e-06, -4.2374629351409186e-08], [5.026144613896211e-05, 3.0173534432027987e-05, -2.1022988515087737e-05, 3.7375525965047486e-06, -4.654920885183766e-08, -4.553903633057578e-08, 3.962132843257302e-09, -8.967418505083151e-11, 0.00017718524812198512, -0.00018406702768530237, 0.000246936487597681, -9.036373316492962e-05, 1.0596666594835958e-05, 1.9810546949328715e-07, -1.1382462004790547e-07, 5.553511387682178e-09], [-2.996644416291147e-06, 7.21928533086055e-07, 2.856187828509062e-07, -2.70189978488411e-07, 4.506323015521304e-08, -5.298900299567982e-10, -3.761041512440311e-10, 2.1260855645438264e-11, 1.5305735860311914e-05, -4.174811321460993e-05, 2.6358434005694736e-05, -5.015774309382229e-06, 1.9810546949328715e-07, 3.325798079831287e-08, -3.0824756596744238e-09, 5.4930743114601797e-11], [6.368121975377376e-07, -1.9471173761515572e-07, 9.915629991073127e-08, -6.236381702230754e-09, -3.124528352618935e-09, 4.405216987392024e-10, -4.873914771458153e-12, -9.98780051469953e-13, -2.216277132631451e-06, 4.10172317846965e-06, -3.482214460947974e-06, 1.076787134725871e-06, -1.1382462004790547e-07, -3.0824756596744238e-09, 1.2691389194497712e-09, -5.911407972491264e-11], [-3.880102997375392e-08, 8.111907559745382e-09, -5.039795198832894e-09, 9.153973237164699e-10, 4.292486962692321e-11, -2.109020549915559e-11, 1.2750252913963242e-12, -6.197330870556426e-15, 5.1404983827134814e-08, -1.0194505933186255e-07, 1.0824107192395086e-07, -4.2374629351409186e-08, 5.553511387682178e-09, 5.4930743114601797e-11, -5.911407972491264e-11, 3.0712711320887742e-12]]], "B_list": [{"B_diag": [7.94735079503211], "B_by_diag": [-0.020209395565863646]}, {"B_diag": [0.3537457195116438], "B_by_diag": [-0.004298428864291184]}, {"B_diag": [0.049047897444989524], "B_by_diag": [-0.0002523030646453835]}, {"B_diag": [0.010835062100861798], "B_by_diag": [-5.026194602287194e-05]}, {"B_diag": [0.0033027261827058944], "B_by_diag": [-2.46488608057144e-05]}, {"B_diag": [0.001172788311939701], "B_by_diag": [-2.271896847777134e-05]}, {"B_diag": [0.0005267340456212627], "B_by_diag": [-4.1069057930016904e-06]}, {"B_diag": [0.0004912954165502195], "B_by_diag": [-8.003074036277239e-06]}], "bic_scores": [467.97618220748666, 210.60811933648174, 66.65442550962226, -24.652694993153318, -82.49285037387853, -113.543450154011, -104.63198040239678, -52.77634422292141], "best_bic": -113.543450154011, "best_bic_A": [[42.011168175369896, -0.37025701535188027, -0.023984819725520426, -0.0006991870173649037, 0.0002706528504815, -9.935815286193693e-06, -1.4859131094210891, 0.035729663278669714, -0.0013354992837129043, -5.071558121891653e-05, -3.471799695360829e-06, 5.881243371378233e-07], [-0.37025701535188027, 0.2667811842440057, -0.06185817876903968, 0.008075169743118667, -0.0004896683671091311, 1.0042727636119053e-05, -0.04189953640735048, -0.0009791464845683123, 0.003331362919163928, -0.0006775177078461778, 6.073231251546324e-05, -2.1136316227840587e-06], [-0.023984819725520426, -0.06185817876903968, 0.030138352057472076, -0.005229350165752492, 0.0003993037203155216, -1.124127769432022e-05, 0.00020035558512004268, -0.0022809375810798147, -0.0001446259043533845, 0.00016979076055285416, -2.3789449836215368e-05, 1.035783149869996e-06], [-0.0006991870173649037, 0.008075169743118667, -0.005229350165752492, 0.0011477269012315728, -0.00010686607382140728, 3.6254156903387187e-06, -8.934829668487313e-05, 0.0005151550701774428, -0.00013459919967997915, -2.6434862791423143e-06, 2.6598746338915872e-06, -1.661854859320064e-07], [0.0002706528504815, -0.0004896683671091311, 0.0003993037203155216, -0.00010686607382140728, 1.1497081948520839e-05, -4.358919867566142e-07, 3.686032693433775e-05, -5.18548341159157e-05, 2.254899844005847e-05, -2.3471084000627668e-06, -1.5817720814255558e-08, 8.721068126989387e-09], [-9.935815286193693e-06, 1.0042727636119053e-05, -1.124127769432022e-05, 3.6254156903387187e-06, -4.358919867566142e-07, 1.7807721514153092e-08, -2.0107877687995643e-06, 1.9925484568059307e-06, -1.0448228177309647e-06, 1.5673916501306294e-07, -7.00624713447045e-09, -5.366982671927777e-11], [-1.4859131094210891, -0.04189953640735048, 0.00020035558512004268, -8.934829668487313e-05, 3.686032693433775e-05, -2.0107877687995643e-06, 40.96658922722269, -0.5052370039721822, -0.024895635876766825, -0.0011802328080180793, 0.0003517007138433999, -1.2357938265287517e-05], [0.035729663278669714, -0.0009791464845683123, -0.0022809375810798147, 0.0005151550701774428, -5.18548341159157e-05, 1.9925484568059307e-06, -0.5052370039721822, 0.29544167416976774, -0.06712146817266704, 0.00874056309625719, -0.0005332442117992396, 1.1084656073071654e-05], [-0.0013354992837129043, 0.003331362919163928, -0.0001446259043533845, -0.00013459919967997915, 2.254899844005847e-05, -1.0448228177309647e-06, -0.024895635876766825, -0.06712146817266704, 0.032475343278659655, -0.005616353779779092, 0.00042802103129196387, -1.2040282353193753e-05], [-5.071558121891653e-05, -0.0006775177078461778, 0.00016979076055285416, -2.6434862791423143e-06, -2.3471084000627668e-06, 1.5673916501306294e-07, -0.0011802328080180793, 0.00874056309625719, -0.005616353779779092, 0.0012280687861524588, -0.00011403698137324606, 3.8625044980634825e-06], [-3.471799695360829e-06, 6.073231251546324e-05, -2.3789449836215368e-05, 2.6598746338915872e-06, -1.5817720814255558e-08, -7.00624713447045e-09, 0.0003517007138433999, -0.0005332442117992396, 0.00042802103129196387, -0.00011403698137324606, 1.2237259011502979e-05, -4.633731853707836e-07], [5.881243371378233e-07, -2.1136316227840587e-06, 1.035783149869996e-06, -1.661854859320064e-07, 8.721068126989387e-09, -5.366982671927777e-11, -1.2357938265287517e-05, 1.1084656073071654e-05, -1.2040282353193753e-05, 3.8625044980634825e-06, -4.633731853707836e-07, 1.8916032134410397e-08]], "best_bic_B": {"B_diag": [0.001172788311939701], "B_by_diag": [-2.271896847777134e-05]}, "best_bic_deg": 6, "best_bic_deg_idx": 5, "aic_scores": [461.69903344119456, 195.54296229738063, 37.77954118467848, -72.35902561697347, -154.05234630960874, -213.977830414685, -238.96296400104825, -226.02565017258405], "best_aic": -238.96296400104825, "best_aic_A": [[41.90916947641623, -0.32844032936023254, -0.03670836873229683, 0.0004976412922191761, 0.00019991312659125305, 2.0370290194329626e-06, -8.163875710101574e-07, -1.4873985548349113, 0.03498090050045727, -0.0008876311642772479, -0.00018990465939853, 2.518544726114874e-06, 1.8918307777453991e-06, -1.0008156880956282e-07], [-0.32844032936023254, 0.20463251333847923, -0.04015113648143363, 0.005190865399174786, -0.00028536421621403206, -5.173424426855005e-06, 8.057344566479476e-07, -0.041096182763087664, -0.0008327536158297885, 0.0026150183040042213, -0.00042252795876082953, 3.32103628618606e-05, -1.729715571978909e-06, 5.511228202537162e-08], [-0.03670836873229683, -0.04015113648143363, 0.021891713830849036, -0.004012850640953514, 0.00029977927848236224, -4.216027178549999e-06, -3.1767931381021e-07, -0.0006330912877772636, -0.0011978048144225244, -0.0004128139060971896, 0.0001875910467751356, -2.6438268615700934e-05, 1.700103602777187e-06, -4.377813643973087e-08], [0.0004976412922191761, 0.005190865399174786, -0.004012850640953514, 0.0010049334921122613, -0.00011014882332797203, 5.0822381027075365e-06, -6.287253986513602e-08, 0.00022097635706723126, 0.0001292820754570771, 7.855537116939221e-06, -2.702129982244233e-05, 6.272740494434612e-06, -5.622214872783836e-07, 1.8132582629931147e-08], [0.00019991312659125305, -0.00028536421621403206, 0.00029977927848236224, -0.00011014882332797203, 1.7897704912609673e-05, -1.3485038510227805e-06, 3.865985793898982e-08, 5.349630150484116e-06, -1.0456079461583848e-05, 5.44989725623888e-06, 9.927242090465257e-07, -6.014070713006283e-07, 7.656018671639534e-08, -3.0644833960183843e-09], [2.0370290194329626e-06, -5.173424426855005e-06, -4.216027178549999e-06, 5.0822381027075365e-06, -1.3485038510227805e-06, 1.395103867151111e-07, -5.0875292385794964e-09, -1.9038468529448398e-06, 1.435231791475659e-06, -7.51919296859199e-07, 9.336828686910723e-08, 1.8690434068874052e-08, -4.342916322103057e-09, 2.1797393558894288e-10], [-8.163875710101574e-07, 8.057344566479476e-07, -3.1767931381021e-07, -6.287253986513602e-08, 3.865985793898982e-08, -5.0875292385794964e-09, 2.1044240030173816e-10, 7.312581956480379e-08, -8.220904250423518e-08, 3.2274733466501305e-08, -6.471737987416938e-09, 1.5417592066832595e-10, 7.741256986495654e-11, -5.388229348235285e-12], [-1.4873985548349113, -0.041096182763087664, -0.0006330912877772636, 0.00022097635706723126, 5.349630150484116e-06, -1.9038468529448398e-06, 7.312581956480379e-08, 40.88167837752768, -0.46587957379019773, -0.03633451942200061, 1.2462608324038255e-05, 0.00024580599571411444, 3.0796587983254556e-06, -9.255179697598556e-07], [0.03498090050045727, -0.0008327536158297885, -0.0011978048144225244, 0.0001292820754570771, -1.0456079461583848e-05, 1.435231791475659e-06, -8.220904250423518e-08, -0.46587957379019773, 0.22786475440050258, -0.04352413551540509, 0.005713430057662136, -0.00034075452391438504, -2.3803861756972987e-06, 7.634262398016524e-07], [-0.0008876311642772479, 0.0026150183040042213, -0.0004128139060971896, 7.855537116939221e-06, 5.44989725623888e-06, -7.51919296859199e-07, 3.2274733466501305e-08, -0.03633451942200061, -0.04352413551540509, 0.023742685137642057, -0.004415733696744421, 0.0003442936942427594, -6.575424591807054e-06, -2.734451403770673e-07], [-0.00018990465939853, -0.00042252795876082953, 0.0001875910467751356, -2.702129982244233e-05, 9.927242090465257e-07, 9.336828686910723e-08, -6.471737987416938e-09, 1.2462608324038255e-05, 0.005713430057662136, -0.004415733696744421, 0.0011131463711100626, -0.0001237828423488588, 5.8975996161435504e-06, -8.110636333292255e-08], [2.518544726114874e-06, 3.32103628618606e-05, -2.6438268615700934e-05, 6.272740494434612e-06, -6.014070713006283e-07, 1.8690434068874052e-08, 1.5417592066832595e-10, 0.00024580599571411444, -0.00034075452391438504, 0.0003442936942427594, -0.0001237828423488588, 1.986160870986249e-05, -1.4842935319805915e-06, 4.2282104521893535e-08], [1.8918307777453991e-06, -1.729715571978909e-06, 1.700103602777187e-06, -5.622214872783836e-07, 7.656018671639534e-08, -4.342916322103057e-09, 7.741256986495654e-11, 3.0796587983254556e-06, -2.3803861756972987e-06, -6.575424591807054e-06, 5.8975996161435504e-06, -1.4842935319805915e-06, 1.504325295117031e-07, -5.427117975470641e-09], [-1.0008156880956282e-07, 5.511228202537162e-08, -4.377813643973087e-08, 1.8132582629931147e-08, -3.0644833960183843e-09, 2.1797393558894288e-10, -5.388229348235285e-12, -9.255179697598556e-07, 7.634262398016524e-07, -2.734451403770673e-07, -8.110636333292255e-08, 4.2282104521893535e-08, -5.427117975470641e-09, 2.2243391593274064e-10]], "best_aic_B": {"B_diag": [0.0005267340456212627], "B_by_diag": [-4.1069057930016904e-06]}, "best_aic_deg": 7, "best_aic_deg_idx": 6, "lr": 0.005, "optimizer": null, "epochs": 120, "best_epochs": [101, 102, 111, 97, 118, 119, 119, 119], "batch_size": 1024}