{"degree": [1, 2, 3, 4, 5, 6, 7, 8], "losses": [180.07000016932656, 11.114976674678012, -88.67206552207614, -147.4419534406161, -178.59723000727473, -191.25788516411572, -194.2586441767814, -195.08099601309922], "A_list": [[[20.125281895768012, -0.28269106397629534], [-0.28269106397629534, 19.9420867256916]], [[35.000500644996976, -0.520054239841068, -1.0024210874944053, 0.1146412847978489], [-0.520054239841068, 0.19531052949643074, -0.14369667887964022, 0.0010183974504769106], [-1.0024210874944053, -0.14369667887964022, 36.517592471346155, -0.6110748853363528], [0.1146412847978489, 0.0010183974504769106, -0.6110748853363528, 0.21605151216662538]], [[36.60826363184817, -0.5220108034098248, -0.008132041176862632, -0.6013686363630736, 0.1868645466025453, -0.014703360869635836], [-0.5220108034098248, 0.3996159268249385, -0.02815297574509287, -0.21087397673959551, 0.0021555904447934705, 0.00303567887886433], [-0.008132041176862632, -0.02815297574509287, 0.003868728844752782, 0.010431349616993778, -0.0032205348202496782, 1.2396369308869443e-05], [-0.6013686363630736, -0.21087397673959551, 0.010431349616993778, 40.5878216438748, -0.5939948157387386, -0.01785031529793712], [0.1868645466025453, 0.0021555904447934705, -0.0032205348202496782, -0.5939948157387386, 0.4450604548607311, -0.031129229176543937], [-0.014703360869635836, 0.00303567887886433, 1.2396369308869443e-05, -0.01785031529793712, -0.031129229176543937, 0.004235676921569551]], [[37.03964667977953, -0.31684070580682994, -0.05956241239856303, 0.005532096818614645, -0.8679690224796462, 0.14556234353083267, -0.0036756891014180226, -0.0008851608139177016], [-0.31684070580682994, 0.4566875640573721, -0.07240931640533531, 0.004478588253736666, -0.16640144096555393, 0.0019518357247490564, 0.006407211631313681, -0.0005973870216781751], [-0.05956241239856303, -0.07240931640533531, 0.027751538481622578, -0.0024592238126465533, -1.857872401539356e-05, -0.006738271899060598, 8.814784038723714e-05, 7.456228877654617e-05], [0.005532096818614645, 0.004478588253736666, -0.0024592238126465533, 0.00025368279591821515, 0.0009126711478953694, 0.0005950798558927574, -8.303320732910448e-05, 3.0242404419621905e-09], [-0.8679690224796462, -0.16640144096555393, -1.857872401539356e-05, 0.0009126711478953694, 40.70024527842379, -0.3814787001359565, -0.07591011973583271, 0.006407077671782648], [0.14556234353083267, 0.0019518357247490564, -0.006738271899060598, 0.0005950798558927574, -0.3814787001359565, 0.5001604480954124, -0.07672624126194179, 0.004642750458433332], [-0.0036756891014180226, 0.006407211631313681, 8.814784038723714e-05, -8.303320732910448e-05, -0.07591011973583271, -0.07672624126194179, 0.02937235571595153, -0.002597248773615989], [-0.0008851608139177016, -0.0005973870216781751, 7.456228877654617e-05, 3.0242404419621905e-09, 0.006407077671782648, 0.004642750458433332, -0.002597248773615989, 0.0002684729660697282]], [[37.59179223977512, -0.2565006503234237, -0.06920807275660738, 0.005350537389775471, 1.4205838014435842e-06, -0.9133615021060651, 0.13605745584309534, 0.0046462840072630735, -0.002857065270554969, 0.0001689452638099948], [-0.2565006503234237, 0.4436287640931053, -0.10468591059751267, 0.015181922596248298, -0.0008843493112871145, -0.15975231142589133, 0.0012592201970043609, 0.004638008167808825, -0.00031338766312823764, -8.752483938346543e-06], [-0.06920807275660738, -0.10468591059751267, 0.06874062649937561, -0.014045723901672953, 0.0009710400059689054, -0.008971124508662049, -0.005436726005133226, 0.0007934311005844078, -5.136886271274576e-06, -3.1356766177438373e-06], [0.005350537389775471, 0.015181922596248298, -0.014045723901672953, 0.0034576973994545268, -0.00026861023599086825, 0.0029752332441157618, 0.0005539193762195093, -0.0003951005377882703, 4.9249372518870184e-05, -1.6538803506344292e-06], [1.4205838014435842e-06, -0.0008843493112871145, 0.0009710400059689054, -0.00026861023599086825, 2.249132954982274e-05, -0.00016039062033323826, -1.1444309627271309e-05, 3.37862735618351e-05, -5.879421352555327e-06, 2.8728451298450086e-07], [-0.9133615021060651, -0.15975231142589133, -0.008971124508662049, 0.0029752332441157618, -0.00016039062033323826, 42.17059823217582, -0.32834596063109184, -0.0857566756427584, 0.0057618000548568, 8.461116859555137e-05], [0.13605745584309534, 0.0012592201970043609, -0.005436726005133226, 0.0005539193762195093, -1.1444309627271309e-05, -0.32834596063109184, 0.49284799563252707, -0.11697795450722845, 0.017371936665665694, -0.001040083611465124], [0.0046462840072630735, 0.004638008167808825, 0.0007934311005844078, -0.0003951005377882703, 3.37862735618351e-05, -0.0857566756427584, -0.11697795450722845, 0.0778007119939482, -0.016040850472809978, 0.0011182548268874944], [-0.002857065270554969, -0.00031338766312823764, -5.136886271274576e-06, 4.9249372518870184e-05, -5.879421352555327e-06, 0.0057618000548568, 0.017371936665665694, -0.016040850472809978, 0.003935879507543836, -0.0003057093357832114], [0.0001689452638099948, -8.752483938346543e-06, -3.1356766177438373e-06, -1.6538803506344292e-06, 2.8728451298450086e-07, 8.461116859555137e-05, -0.001040083611465124, 0.0011182548268874944, -0.0003057093357832114, 2.548585951172854e-05]], [[37.641007395013226, -0.23414385445407912, -0.07445224006746584, 0.002260494600871742, 0.0011087553216978566, -9.214328266742082e-05, -0.9293987580655145, 0.1365504408518849, 0.0048119841944919695, -0.002151203945445268, -6.314485177483058e-05, 2.179445943914179e-05], [-0.23414385445407912, 0.4001818394312629, -0.09027378528325919, 0.013585914240810045, -0.0007424135719223755, -1.9892249901761203e-05, -0.16591045093716716, -0.0007518431207195707, 0.0057575892614005544, -0.0004327514713310955, -3.651582458991467e-05, 4.499070400824194e-06], [-0.07445224006746584, -0.09027378528325919, 0.06718894925284363, -0.016228831271977114, 0.0015883132817631918, -4.494392266879522e-05, -0.0057345373106874875, -0.0034141883171558488, -0.00048746432083943, 0.00022379584874939904, -1.025609575504264e-05, -1.042466525426189e-06], [0.002260494600871742, 0.013585914240810045, -0.016228831271977114, 0.005897143444576603, -0.000899162242783328, 4.993338556814857e-05, 0.001691765210253122, 8.197023206295225e-05, -0.0001605919062865268, 3.054638667424243e-05, -3.6298206387771765e-06, 2.519881626798188e-07], [0.0011087553216978566, -0.0007424135719223755, 0.0015883132817631918, -0.000899162242783328, 0.0001861401326609022, -1.3140230167252765e-05, 3.646834176029721e-05, 2.4596393682262916e-05, 3.9815582228352984e-05, -1.725131950657902e-05, 2.2880537490508533e-06, -9.85978506861918e-08], [-9.214328266742082e-05, -1.9892249901761203e-05, -4.494392266879522e-05, 4.993338556814857e-05, -1.3140230167252765e-05, 1.0603239470454835e-06, -1.141181255353274e-05, -5.970051721809973e-07, -2.7267124131920644e-06, 1.5363511575667116e-06, -2.2780063930692837e-07, 1.0211965914306704e-08], [-0.9293987580655145, -0.16591045093716716, -0.0057345373106874875, 0.001691765210253122, 3.646834176029721e-05, -1.141181255353274e-05, 42.30960126376339, -0.31056843401345235, -0.08971080185858124, 0.0021624235497115013, 0.00122788276088263, -9.17430941290273e-05], [0.1365504408518849, -0.0007518431207195707, -0.0034141883171558488, 8.197023206295225e-05, 2.4596393682262916e-05, -5.970051721809973e-07, -0.31056843401345235, 0.44208475001026504, -0.09808648419359652, 0.014903726236978441, -0.000845790693663095, -1.909033498664214e-05], [0.0048119841944919695, 0.0057575892614005544, -0.00048746432083943, -0.0001605919062865268, 3.9815582228352984e-05, -2.7267124131920644e-06, -0.08971080185858124, -0.09808648419359652, 0.07336867388209872, -0.017785162111681643, 0.0017509924941689933, -5.035436040234112e-05], [-0.002151203945445268, -0.0004327514713310955, 0.00022379584874939904, 3.054638667424243e-05, -1.725131950657902e-05, 1.5363511575667116e-06, 0.0021624235497115013, 0.014903726236978441, -0.017785162111681643, 0.006444980339880538, -0.0009825724672278468, 5.465246698334712e-05], [-6.314485177483058e-05, -3.651582458991467e-05, -1.025609575504264e-05, -3.6298206387771765e-06, 2.2880537490508533e-06, -2.2780063930692837e-07, 0.00122788276088263, -0.000845790693663095, 0.0017509924941689933, -0.0009825724672278468, 0.000203220199882499, -1.4359302515693525e-05], [2.179445943914179e-05, 4.499070400824194e-06, -1.042466525426189e-06, 2.519881626798188e-07, -9.85978506861918e-08, 1.0211965914306704e-08, -9.17430941290273e-05, -1.909033498664214e-05, -5.035436040234112e-05, 5.465246698334712e-05, -1.4359302515693525e-05, 1.1592373957819908e-06]], [[37.694765587951814, -0.23934706085260393, -0.06909297787833973, 0.0012428017513596513, 0.0006126145532774729, 0.0001021368172278008, -1.725870145405279e-05, -0.8927504095161646, 0.1422836023328401, 0.0005336920321670872, -0.0006760208099145393, -0.000383140996876633, 5.768417068523253e-05, -1.8687779871669494e-06], [-0.23934706085260393, 0.4040127993540565, -0.09067665683735904, 0.01119836084367003, 0.0009425584613692862, -0.0004142391580464116, 3.064242094390837e-05, -0.17045202634157733, -0.002151856108549361, 0.0066827610690139184, -0.0006352645376920818, -5.183084483735323e-06, -6.864481358333299e-07, 4.5163551699578043e-07], [-0.06909297787833973, -0.09067665683735904, 0.06613619227855223, -0.013173430501791629, -0.00034833006689737544, 0.000396581997995051, -3.38574059099739e-05, -0.002429502250311216, -0.0027945359324017763, -0.0009910784415195148, 0.00030859825278665553, 1.4093462560816006e-05, -1.0524801008860423e-05, 8.353463743542215e-07], [0.0012428017513596513, 0.01119836084367003, -0.013173430501791629, 0.003752215711085819, -5.3739244225343265e-05, -0.0001098388407338927, 1.1242804767390474e-05, 0.00012119624462539379, -0.00011859062809567724, 3.8318916324364986e-05, -2.8777915993564974e-05, -2.550846747981943e-06, 2.2358542764492195e-06, -2.2156554955522935e-07], [0.0006126145532774729, 0.0009425584613692862, -0.00034833006689737544, -5.3739244225343265e-05, 1.9656690591331926e-05, 1.2981590164894556e-06, -4.059605076404696e-07, 0.0005650613695017704, 1.9375830467108137e-05, 1.6431449320941855e-05, -6.612508251878659e-06, 1.6628701153305266e-07, 1.497169714755678e-07, -1.3298371614193827e-08], [0.0001021368172278008, -0.0004142391580464116, 0.000396581997995051, -0.0001098388407338927, 1.2981590164894556e-06, 3.262026746520809e-06, -3.302075126233416e-07, -0.0001003239178215523, 9.591986401685494e-06, -4.5916524041660135e-06, 1.6520733345465995e-06, 3.4254969345372554e-08, -9.278927570337048e-08, 9.932396350617283e-09], [-1.725870145405279e-05, 3.064242094390837e-05, -3.38574059099739e-05, 1.1242804767390474e-05, -4.059605076404696e-07, -3.302075126233416e-07, 3.761178965346381e-08, 5.98428032187509e-06, -1.052763523469722e-06, 3.752956803723392e-07, -1.069613090330808e-07, -4.163902388827244e-09, 7.678910212371315e-09, -8.684672604361077e-10], [-0.8927504095161646, -0.17045202634157733, -0.002429502250311216, 0.00012119624462539379, 0.0005650613695017704, -0.0001003239178215523, 5.98428032187509e-06, 42.38487755095439, -0.3090688451097503, -0.08875499296260586, 0.0030167569840505865, 0.00021112515149521649, 0.0001768805651565837, -2.1441010589314348e-05], [0.1422836023328401, -0.002151856108549361, -0.0027945359324017763, -0.00011859062809567724, 1.9375830467108137e-05, 9.591986401685494e-06, -1.052763523469722e-06, -0.3090688451097503, 0.4426443088681302, -0.09662716975491886, 0.011740723937598285, 0.00109977607990625, -0.000465194643521724, 3.456344645303219e-05], [0.0005336920321670872, 0.0066827610690139184, -0.0009910784415195148, 3.8318916324364986e-05, 1.6431449320941855e-05, -4.5916524041660135e-06, 3.752956803723392e-07, -0.08875499296260586, -0.09662716975491886, 0.07121231616349218, -0.014166943171564242, -0.0004117631615121876, 0.0004381086129161653, -3.7417502525700744e-05], [-0.0006760208099145393, -0.0006352645376920818, 0.00030859825278665553, -2.8777915993564974e-05, -6.612508251878659e-06, 1.6520733345465995e-06, -1.069613090330808e-07, 0.0030167569840505865, 0.011740723937598285, -0.014166943171564242, 0.0040126923579188595, -4.4418121383844864e-05, -0.00012117788411522467, 1.2333790214333093e-05], [-0.000383140996876633, -5.183084483735323e-06, 1.4093462560816006e-05, -2.550846747981943e-06, 1.6628701153305266e-07, 3.4254969345372554e-08, -4.163902388827244e-09, 0.00021112515149521649, 0.00109977607990625, -0.0004117631615121876, -4.4418121383844864e-05, 2.040081796177219e-05, 1.0777027249956553e-06, -3.9933281665652165e-07], [5.768417068523253e-05, -6.864481358333299e-07, -1.0524801008860423e-05, 2.2358542764492195e-06, 1.497169714755678e-07, -9.278927570337048e-08, 7.678910212371315e-09, 0.0001768805651565837, -0.000465194643521724, 0.0004381086129161653, -0.00012117788411522467, 1.0777027249956553e-06, 3.7268682182212704e-06, -3.7617836022039443e-07], [-1.8687779871669494e-06, 4.5163551699578043e-07, 8.353463743542215e-07, -2.2156554955522935e-07, -1.3298371614193827e-08, 9.932396350617283e-09, -8.684672604361077e-10, -2.1441010589314348e-05, 3.456344645303219e-05, -3.7417502525700744e-05, 1.2333790214333093e-05, -3.9933281665652165e-07, -3.7617836022039443e-07, 4.2441698525770265e-08]], [[37.692626630427135, -0.23868828390524216, -0.06973087438556325, 0.0021368344668712415, 0.000259840590837834, 0.00015886193888182815, -1.851108257198576e-05, -3.0206566692404323e-07, -0.900508863806579, 0.1473330909459967, -0.001003473525654642, -0.001091157187896855, 3.331733202685523e-05, -0.00010199061407615123, 2.9535913427365437e-05, -2.3109914858255203e-06], [-0.23868828390524216, 0.36606780076505546, -0.06636843942393915, 0.0037237390573623547, 0.001789463479373084, -0.0001718200730100401, -5.903721738598383e-05, 7.922548859452977e-06, -0.16212844522966255, 0.001578894170452628, 0.0037388413975012733, 0.0002525544915506367, -0.00012710726689554023, 3.4654722076095467e-06, 2.046132966830068e-06, -1.9851528590767924e-07], [-0.06973087438556325, -0.06636843942393915, 0.04883567306777909, -0.007405155220898389, -0.0009704567382411318, 0.00018149965489261313, 3.878689976434115e-05, -6.121930863661007e-06, -0.008793835810115516, -0.004123887159146105, 0.00030283743616666824, -4.199291833612899e-05, 2.977238259669217e-05, -2.107142242913848e-06, -8.787514166882874e-07, 1.1064991961143878e-07], [0.0021368344668712415, 0.0037237390573623547, -0.007405155220898389, 0.0020209374984476863, 5.077236925410129e-05, -4.466826099918176e-05, -4.892209857014989e-06, 1.1637188933186451e-06, 0.002352507339238543, 9.204133633759849e-05, -0.0002013625174938523, 2.6547808593650175e-05, 4.4104113939783003e-07, -3.4743649413961653e-07, 9.691109988371245e-08, -1.192882117132846e-08], [0.000259840590837834, 0.001789463479373084, -0.0009704567382411318, 5.077236925410129e-05, 3.7938102600114814e-05, -2.0699282953420663e-06, -1.1367497561755555e-06, 1.1678940280310466e-07, 6.295507742630047e-05, 3.6310889155243265e-05, 8.27886129673788e-06, -1.7595750061596232e-06, -7.7685711997771e-07, 1.3396295151156642e-07, 1.3123253076396003e-08, -2.412243912974221e-09], [0.00015886193888182815, -0.0001718200730100401, 0.00018149965489261313, -4.466826099918176e-05, -2.0699282953420663e-06, 1.042195373282706e-06, 1.3876936655515735e-07, -2.9038616117928426e-08, -1.751633737972627e-05, 1.4805616103761571e-07, 8.368143163249911e-07, -1.8115109981162985e-07, 2.4321374461861913e-08, -3.3626408545821853e-09, -2.938324596743803e-09, 5.145444743205175e-10], [-1.851108257198576e-05, -5.903721738598383e-05, 3.878689976434115e-05, -4.892209857014989e-06, -1.1367497561755555e-06, 1.3876936655515735e-07, 4.0728655373051375e-08, -5.4048285426776196e-09, -2.6564020973984506e-06, -3.4453464720588025e-07, 6.514038653037372e-07, -1.1183639313393906e-07, 1.1045552648121083e-08, -1.9461667686471395e-10, -5.091470540924666e-11, -5.076135977113642e-12], [-3.0206566692404323e-07, 7.922548859452977e-06, -6.121930863661007e-06, 1.1637188933186451e-06, 1.1678940280310466e-07, -2.9038616117928426e-08, -5.4048285426776196e-09, 9.193710623662425e-10, 3.428832358645325e-07, 1.4449084304789258e-08, -9.396369942082298e-08, 1.9018329170167656e-08, -9.435539113764603e-10, -1.2271804036371628e-10, 3.0161520197023004e-11, -2.813006964101204e-12], [-0.900508863806579, -0.16212844522966255, -0.008793835810115516, 0.002352507339238543, 6.295507742630047e-05, -1.751633737972627e-05, -2.6564020973984506e-06, 3.428832358645325e-07, 42.44130434952375, -0.3025680039195899, -0.09246141597566955, 0.003913452387354028, 8.43539373191692e-05, 0.00013330776208324372, -2.4391487481971138e-06, -1.9474532846935903e-06], [0.1473330909459967, 0.001578894170452628, -0.004123887159146105, 9.204133633759849e-05, 3.6310889155243265e-05, 1.4805616103761571e-07, -3.4453464720588025e-07, 1.4449084304789258e-08, -0.3025680039195899, 0.4066159429165765, -0.07279824017100543, 0.004346497713305645, 0.0019436326617966251, -0.00019625844360537364, -6.505633409563212e-05, 8.854132744659274e-06], [-0.001003473525654642, 0.0037388413975012733, 0.00030283743616666824, -0.0002013625174938523, 8.27886129673788e-06, 8.368143163249911e-07, 6.514038653037372e-07, -9.396369942082298e-08, -0.09246141597566955, -0.07279824017100543, 0.053823511289642766, -0.008250768248676219, -0.0010809911925460144, 0.00020498121886707718, 4.3679689363966796e-05, -6.934325424710552e-06], [-0.001091157187896855, 0.0002525544915506367, -4.199291833612899e-05, 2.6547808593650175e-05, -1.7595750061596232e-06, -1.8115109981162985e-07, -1.1183639313393906e-07, 1.9018329170167656e-08, 0.003913452387354028, 0.004346497713305645, -0.008250768248676219, 0.0022580894556094183, 5.067949387123992e-05, -4.940463428953717e-05, -5.312858107211637e-06, 1.280647606698106e-06], [3.331733202685523e-05, -0.00012710726689554023, 2.977238259669217e-05, 4.4104113939783003e-07, -7.7685711997771e-07, 2.4321374461861913e-08, 1.1045552648121083e-08, -9.435539113764603e-10, 8.43539373191692e-05, 0.0019436326617966251, -0.0010809911925460144, 5.067949387123992e-05, 4.5482227214119904e-05, -2.4691100624360556e-06, -1.384205863675607e-06, 1.4482294983894963e-07], [-0.00010199061407615123, 3.4654722076095467e-06, -2.107142242913848e-06, -3.4743649413961653e-07, 1.3396295151156642e-07, -3.3626408545821853e-09, -1.9461667686471395e-10, -1.2271804036371628e-10, 0.00013330776208324372, -0.00019625844360537364, 0.00020498121886707718, -4.940463428953717e-05, -2.4691100624360556e-06, 1.157198808759671e-06, 1.6075826857289027e-07, -3.293877596367805e-08], [2.9535913427365437e-05, 2.046132966830068e-06, -8.787514166882874e-07, 9.691109988371245e-08, 1.3123253076396003e-08, -2.938324596743803e-09, -5.091470540924666e-11, 3.0161520197023004e-11, -2.4391487481971138e-06, -6.505633409563212e-05, 4.3679689363966796e-05, -5.312858107211637e-06, -1.384205863675607e-06, 1.6075826857289027e-07, 4.980073477744467e-08, -6.566594609929642e-09], [-2.3109914858255203e-06, -1.9851528590767924e-07, 1.1064991961143878e-07, -1.192882117132846e-08, -2.412243912974221e-09, 5.145444743205175e-10, -5.076135977113642e-12, -2.813006964101204e-12, -1.9474532846935903e-06, 8.854132744659274e-06, -6.934325424710552e-06, 1.280647606698106e-06, 1.4482294983894963e-07, -3.293877596367805e-08, -6.566594609929642e-09, 1.0879159193541148e-09]]], "B_list": [{"B_d": [[1.2475364242400826], [0.002247810624612267], [5.873523940697968e-05]], "B_theta": [2.4133885516630524e-06], "B_const": [1.1091899146680324]}, {"B_d": [[0.02119031697204785], [3.1918310454389506e-07], [4.166939297613715e-07]], "B_theta": [1.5132256318730854e-07], "B_const": [0.039292209001629504]}, {"B_d": [[0.0027442936185610805], [1.4710342773680604e-05], [4.810212344314132e-07]], "B_theta": [3.761749409393735e-08], "B_const": [0.00408485509871427]}, {"B_d": [[0.0007632116586292268], [4.490518627339721e-06], [8.878295455301888e-07]], "B_theta": [7.578082704530308e-08], "B_const": [0.0008451252609094521]}, {"B_d": [[0.0001587289130275736], [1.5029031361872303e-05], [6.298851265966377e-07]], "B_theta": [1.0086381907854882e-07], "B_const": [0.0002976493059217344]}, {"B_d": [[0.00010243943695662817], [6.598287643336234e-06], [7.095394578203546e-07]], "B_theta": [9.65181199578803e-08], "B_const": [0.00016976986082683284]}, {"B_d": [[3.3332786574409534e-05], [1.2932272476295686e-05], [5.496510794286824e-07]], "B_theta": [9.544780304970816e-08], "B_const": [0.00016669184791242835]}, {"B_d": [[2.1398640823336084e-05], [1.3721614334148602e-05], [5.288143760742336e-07]], "B_theta": [9.470534966751621e-08], "B_const": [0.00016223520649811315]}], "bic_scores": [195.79730270022387, 40.60366892011045, -37.558332296659906, -66.83952796976742, -60.64246102554496, -28.087121406056212, 21.991765623056523, 82.11271109396571], "best_bic": -66.83952796976742, "best_bic_A": [[37.03964667977953, -0.31684070580682994, -0.05956241239856303, 0.005532096818614645, -0.8679690224796462, 0.14556234353083267, -0.0036756891014180226, -0.0008851608139177016], [-0.31684070580682994, 0.4566875640573721, -0.07240931640533531, 0.004478588253736666, -0.16640144096555393, 0.0019518357247490564, 0.006407211631313681, -0.0005973870216781751], [-0.05956241239856303, -0.07240931640533531, 0.027751538481622578, -0.0024592238126465533, -1.857872401539356e-05, -0.006738271899060598, 8.814784038723714e-05, 7.456228877654617e-05], [0.005532096818614645, 0.004478588253736666, -0.0024592238126465533, 0.00025368279591821515, 0.0009126711478953694, 0.0005950798558927574, -8.303320732910448e-05, 3.0242404419621905e-09], [-0.8679690224796462, -0.16640144096555393, -1.857872401539356e-05, 0.0009126711478953694, 40.70024527842379, -0.3814787001359565, -0.07591011973583271, 0.006407077671782648], [0.14556234353083267, 0.0019518357247490564, -0.006738271899060598, 0.0005950798558927574, -0.3814787001359565, 0.5001604480954124, -0.07672624126194179, 0.004642750458433332], [-0.0036756891014180226, 0.006407211631313681, 8.814784038723714e-05, -8.303320732910448e-05, -0.07591011973583271, -0.07672624126194179, 0.02937235571595153, -0.002597248773615989], [-0.0008851608139177016, -0.0005973870216781751, 7.456228877654617e-05, 3.0242404419621905e-09, 0.006407077671782648, 0.004642750458433332, -0.002597248773615989, 0.0002684729660697282]], "best_bic_B": {"B_d": [[0.0007632116586292268], [4.490518627339721e-06], [8.878295455301888e-07]], "B_theta": [7.578082704530308e-08], "B_const": [0.0008451252609094521]}, "best_bic_deg": 4, "best_bic_deg_idx": 3, "aic_scores": [188.07000016932656, 26.11497667467801, -62.67206552207614, -106.44195344061609, -118.59723000727473, -108.25788516411572, -84.25864417678139, -54.080996013099224], "best_aic": -118.59723000727473, "best_aic_A": [[37.59179223977512, -0.2565006503234237, -0.06920807275660738, 0.005350537389775471, 1.4205838014435842e-06, -0.9133615021060651, 0.13605745584309534, 0.0046462840072630735, -0.002857065270554969, 0.0001689452638099948], [-0.2565006503234237, 0.4436287640931053, -0.10468591059751267, 0.015181922596248298, -0.0008843493112871145, -0.15975231142589133, 0.0012592201970043609, 0.004638008167808825, -0.00031338766312823764, -8.752483938346543e-06], [-0.06920807275660738, -0.10468591059751267, 0.06874062649937561, -0.014045723901672953, 0.0009710400059689054, -0.008971124508662049, -0.005436726005133226, 0.0007934311005844078, -5.136886271274576e-06, -3.1356766177438373e-06], [0.005350537389775471, 0.015181922596248298, -0.014045723901672953, 0.0034576973994545268, -0.00026861023599086825, 0.0029752332441157618, 0.0005539193762195093, -0.0003951005377882703, 4.9249372518870184e-05, -1.6538803506344292e-06], [1.4205838014435842e-06, -0.0008843493112871145, 0.0009710400059689054, -0.00026861023599086825, 2.249132954982274e-05, -0.00016039062033323826, -1.1444309627271309e-05, 3.37862735618351e-05, -5.879421352555327e-06, 2.8728451298450086e-07], [-0.9133615021060651, -0.15975231142589133, -0.008971124508662049, 0.0029752332441157618, -0.00016039062033323826, 42.17059823217582, -0.32834596063109184, -0.0857566756427584, 0.0057618000548568, 8.461116859555137e-05], [0.13605745584309534, 0.0012592201970043609, -0.005436726005133226, 0.0005539193762195093, -1.1444309627271309e-05, -0.32834596063109184, 0.49284799563252707, -0.11697795450722845, 0.017371936665665694, -0.001040083611465124], [0.0046462840072630735, 0.004638008167808825, 0.0007934311005844078, -0.0003951005377882703, 3.37862735618351e-05, -0.0857566756427584, -0.11697795450722845, 0.0778007119939482, -0.016040850472809978, 0.0011182548268874944], [-0.002857065270554969, -0.00031338766312823764, -5.136886271274576e-06, 4.9249372518870184e-05, -5.879421352555327e-06, 0.0057618000548568, 0.017371936665665694, -0.016040850472809978, 0.003935879507543836, -0.0003057093357832114], [0.0001689452638099948, -8.752483938346543e-06, -3.1356766177438373e-06, -1.6538803506344292e-06, 2.8728451298450086e-07, 8.461116859555137e-05, -0.001040083611465124, 0.0011182548268874944, -0.0003057093357832114, 2.548585951172854e-05]], "best_aic_B": {"B_d": [[0.0001587289130275736], [1.5029031361872303e-05], [6.298851265966377e-07]], "B_theta": [1.0086381907854882e-07], "B_const": [0.0002976493059217344]}, "best_aic_deg": 5, "best_aic_deg_idx": 4, "lr": [{"class_name": "PiecewiseConstantDecay", "config": {"boundaries": [8790], "values": [0.005, 0.001], "name": null}}, {"class_name": "PiecewiseConstantDecay", "config": {"boundaries": [8790], "values": [0.005, 0.001], "name": null}}, {"class_name": "PiecewiseConstantDecay", "config": {"boundaries": [8790], "values": [0.005, 0.001], "name": null}}, {"class_name": "PiecewiseConstantDecay", "config": {"boundaries": [8790], "values": [0.005, 0.001], "name": null}}, {"class_name": "PiecewiseConstantDecay", "config": {"boundaries": [8790], "values": [0.005, 0.001], "name": null}}, {"class_name": "PiecewiseConstantDecay", "config": {"boundaries": [8790], "values": [0.005, 0.001], "name": null}}, {"class_name": "PiecewiseConstantDecay", "config": {"boundaries": [8790], "values": [0.005, 0.001], "name": null}}, {"class_name": "PiecewiseConstantDecay", "config": {"boundaries": [8790], "values": [0.005, 0.001], "name": null}}], "optimizer": [{"class_name": "Adam", "config": {"name": "Adam", "learning_rate": {"class_name": "PiecewiseConstantDecay", "config": {"boundaries": [8790], "values": [0.005, 0.001], "name": null}}, "decay": 0.0, "beta_1": 0.9, "beta_2": 0.999, "epsilon": 1e-07, "amsgrad": false}}, {"class_name": "Adam", "config": {"name": "Adam", "learning_rate": {"class_name": "PiecewiseConstantDecay", "config": {"boundaries": [8790], "values": [0.005, 0.001], "name": null}}, "decay": 0.0, "beta_1": 0.9, "beta_2": 0.999, "epsilon": 1e-07, "amsgrad": false}}, {"class_name": "Adam", "config": {"name": "Adam", "learning_rate": {"class_name": "PiecewiseConstantDecay", "config": {"boundaries": [8790], "values": [0.005, 0.001], "name": null}}, "decay": 0.0, "beta_1": 0.9, "beta_2": 0.999, "epsilon": 1e-07, "amsgrad": false}}, {"class_name": "Adam", "config": {"name": "Adam", "learning_rate": {"class_name": "PiecewiseConstantDecay", "config": {"boundaries": [8790], "values": [0.005, 0.001], "name": null}}, "decay": 0.0, "beta_1": 0.9, "beta_2": 0.999, "epsilon": 1e-07, "amsgrad": false}}, {"class_name": "Adam", "config": {"name": "Adam", "learning_rate": {"class_name": "PiecewiseConstantDecay", "config": {"boundaries": [8790], "values": [0.005, 0.001], "name": null}}, "decay": 0.0, "beta_1": 0.9, "beta_2": 0.999, "epsilon": 1e-07, "amsgrad": false}}, {"class_name": "Adam", "config": {"name": "Adam", "learning_rate": {"class_name": "PiecewiseConstantDecay", "config": {"boundaries": [8790], "values": [0.005, 0.001], "name": null}}, "decay": 0.0, "beta_1": 0.9, "beta_2": 0.999, "epsilon": 1e-07, "amsgrad": false}}, {"class_name": "Adam", "config": {"name": "Adam", "learning_rate": {"class_name": "PiecewiseConstantDecay", "config": {"boundaries": [8790], "values": [0.005, 0.001], "name": null}}, "decay": 0.0, "beta_1": 0.9, "beta_2": 0.999, "epsilon": 1e-07, "amsgrad": false}}, {"class_name": "Adam", "config": {"name": "Adam", "learning_rate": {"class_name": "PiecewiseConstantDecay", "config": {"boundaries": [8790], "values": [0.005, 0.001], "name": null}}, "decay": 0.0, "beta_1": 0.9, "beta_2": 0.999, "epsilon": 1e-07, "amsgrad": false}}], "epochs": 50, "best_epochs": [49, 49, 49, 49, 49, 49, 49, 49], "batch_size": 1024}