{"degree": [1, 2, 3, 4, 5, 6, 7, 8], "losses": [58.131623229581905, -91.8727049066179, -186.9385448154858, -251.6928287835313, -296.2413138816183, -322.074850330122, -325.1148425231192, -327.44961670836653], "A_list": [[[0.9254398186052121, -0.0023922588401766435], [-0.0023922588401766435, 0.9571461718042085]], [[1.0048947220662108, -0.015920141624393033, -0.003636680604380676, 0.001384020584596186], [-0.015920141624393033, 0.003297132708985036, -0.001097944934549205, -2.4654951802159662e-05], [-0.003636680604380676, -0.001097944934549205, 1.036463823098789, -0.016572388409784127], [0.001384020584596186, -2.4654951802159662e-05, -0.016572388409784127, 0.0034408348355019157]], [[0.9849505883643601, -0.02435559055951833, 0.0006678272100326854, -0.002472200450069339, 0.0014662435789945425, -5.666185487366731e-06], [-0.02435559055951833, 0.015429116921236476, -0.001190828769693822, -0.0011878752322667802, -0.00016278963159661465, 1.6481524850425338e-05], [0.0006678272100326854, -0.001190828769693822, 0.00011699578722216758, 2.2411381336188744e-05, -1.8346183900956325e-06, -3.9478741268068906e-07], [-0.002472200450069339, -0.0011878752322667802, 2.2411381336188744e-05, 1.0127010978240685, -0.024280699893644564, 0.0006310480270748952], [0.0014662435789945425, -0.00016278963159661465, -1.8346183900956325e-06, -0.024280699893644564, 0.015999661247458625, -0.0012444670772193398], [-5.666185487366731e-06, 1.6481524850425338e-05, -3.9478741268068906e-07, 0.0006310480270748952, -0.0012444670772193398, 0.00012268424625736475]], [[0.9695020891084132, -0.028569276731252875, 0.0025165944832008136, -0.00012578719694080924, -0.0010107789169901745, 0.0010951921807709909, 0.00012391909484635227, -2.127669795168525e-06], [-0.028569276731252875, 0.034946580983520215, -0.006733878512315158, 0.0004059826880268687, -0.0007761789585725875, -0.000540635656593725, 0.00013282527409763856, -9.425716630569482e-06], [0.0025165944832008136, -0.006733878512315158, 0.001662403115129098, -0.0001134887485448385, -2.4236715510277915e-05, 9.112179358841636e-05, -2.6045531968916297e-05, 2.0023741974322307e-06], [-0.00012578719694080924, 0.0004059826880268687, -0.0001134887485448385, 8.324203030668555e-06, 2.9232555257411614e-06, -6.180305709380162e-06, 1.5836410532205825e-06, -1.2428622161927483e-07], [-0.0010107789169901745, -0.0007761789585725875, -2.4236715510277915e-05, 2.9232555257411614e-06, 0.9923778632951145, -0.026932571114847415, 0.002149187448002267, -9.368352442866539e-05], [0.0010951921807709909, -0.000540635656593725, 9.112179358841636e-05, -6.180305709380162e-06, -0.026932571114847415, 0.03545795096818482, -0.006780524699162277, 0.00040381409555027473], [0.00012391909484635227, 0.00013282527409763856, -2.6045531968916297e-05, 1.5836410532205825e-06, 0.002149187448002267, -0.006780524699162277, 0.0016726059422537012, -0.00011366955019457081], [-2.127669795168525e-06, -9.425716630569482e-06, 2.0023741974322307e-06, -1.2428622161927483e-07, -9.368352442866539e-05, 0.00040381409555027473, -0.00011366955019457081, 8.336391299526812e-06]], [[0.9548623486482978, -0.02581843577115832, 0.004023073931949094, -0.0004905479874289459, 1.9482697681233608e-05, -0.0008622356393021097, 0.0009807893703696325, 0.00013398572070652168, -1.0678269365203098e-05, 7.042217581708185e-07], [-0.02581843577115832, 0.04819890224259953, -0.015580411871651653, 0.0020699752293218913, -9.798512689683007e-05, -0.001300563113704021, -0.0005798037803581453, 0.0001498494260340963, -1.2512011759313019e-05, 7.801455851006765e-08], [0.004023073931949094, -0.015580411871651653, 0.006755722868113502, -0.0010495698533486847, 5.536946548671861e-05, 0.00010260117942779408, 0.0001894460672587598, -6.608049751148457e-05, 8.915540852416827e-06, -3.910748400103192e-07], [-0.0004905479874289459, 0.0020699752293218913, -0.0010495698533486847, 0.00017950870130975112, -1.0124269045826882e-05, -1.4652684365947709e-05, -2.6805856035411168e-05, 1.0663610460726434e-05, -1.680392135833061e-06, 9.046468539274741e-08], [1.9482697681233608e-05, -9.798512689683007e-05, 5.536946548671861e-05, -1.0124269045826882e-05, 5.981492484031187e-07, 1.2075770511098843e-06, 1.2925688113216904e-06, -5.770124727632764e-07, 9.775310285296623e-08, -5.74258910153913e-09], [-0.0008622356393021097, -0.001300563113704021, 0.00010260117942779408, -1.4652684365947709e-05, 1.2075770511098843e-06, 0.9784817581332745, -0.024816549045045516, 0.004021503265113689, -0.0005281410450009675, 2.4246758247099614e-05], [0.0009807893703696325, -0.0005798037803581453, 0.0001894460672587598, -2.6805856035411168e-05, 1.2925688113216904e-06, -0.024816549045045516, 0.04990383198936872, -0.016230106881389546, 0.0021756005314650505, -0.0001042287039561488], [0.00013398572070652168, 0.0001498494260340963, -6.608049751148457e-05, 1.0663610460726434e-05, -5.770124727632764e-07, 0.004021503265113689, -0.016230106881389546, 0.007070344846772861, -0.0011030953931250617, 5.84608104249158e-05], [-1.0678269365203098e-05, -1.2512011759313019e-05, 8.915540852416827e-06, -1.680392135833061e-06, 9.775310285296623e-08, -0.0005281410450009675, 0.0021756005314650505, -0.0011030953931250617, 0.00018882329398891328, -1.0664415072490398e-05], [7.042217581708185e-07, 7.801455851006765e-08, -3.910748400103192e-07, 9.046468539274741e-08, -5.74258910153913e-09, 2.4246758247099614e-05, -0.0001042287039561488, 5.84608104249158e-05, -1.0664415072490398e-05, 6.294166932151964e-07]], [[0.9456610767421256, -0.017549224901324007, 0.0023250902042128837, -0.00040820664507967646, 2.1969199070408225e-05, 2.658968721472043e-07, -0.0010282668368157251, 0.000706842964137036, 0.000142960192385152, -1.4350671991507353e-05, 1.8459774756344024e-06, -9.876977613527886e-08], [-0.017549224901324007, 0.04203469707186103, -0.01471212103632085, 0.0021653341319763726, -0.00011973699949024756, 6.361888306442159e-07, -0.0014236756194668755, -0.0009144325360813186, 0.0004910291176525823, -0.00010897412724691452, 1.1460941772213271e-05, -4.779426961362225e-07], [0.0023250902042128837, -0.01471212103632085, 0.007589965132921931, -0.0015239781442383544, 0.0001331392834042246, -4.103787434573778e-06, 0.00019352706848156287, 0.0004682717590855904, -0.000323073138314528, 8.520243173030025e-05, -9.968454773307906e-06, 4.379992974454143e-07], [-0.00040820664507967646, 0.0021653341319763726, -0.0015239781442383544, 0.00040439122453706373, -4.693422163757442e-05, 2.0070126405330037e-06, -3.053105367479265e-05, -0.00011599373121188004, 8.90860953947795e-05, -2.5182401670575202e-05, 3.1007078156665627e-06, -1.4112159764454697e-07], [2.1969199070408225e-05, -0.00011973699949024756, 0.0001331392834042246, -4.693422163757442e-05, 6.666278859795085e-06, -3.335908746912629e-07, 1.1901476686536572e-06, 1.3491252260890359e-05, -1.1029808919626943e-05, 3.2247304155211465e-06, -4.087511216581672e-07, 1.903727301684377e-08], [2.658968721472043e-07, 6.361888306442159e-07, -4.103787434573778e-06, 2.0070126405330037e-06, -3.335908746912629e-07, 1.8387563734755562e-08, 7.735030355106692e-08, -6.048137368623379e-07, 5.137969374864838e-07, -1.525897668920119e-07, 1.9632148258777778e-08, -9.259303962217558e-10], [-0.0010282668368157251, -0.0014236756194668755, 0.00019352706848156287, -3.053105367479265e-05, 1.1901476686536572e-06, 7.735030355106692e-08, 0.9701879302999764, -0.017662056408374736, 0.0027147462320724182, -0.0005590089027857878, 4.05501860879887e-05, -4.5532250673440945e-07], [0.000706842964137036, -0.0009144325360813186, 0.0004682717590855904, -0.00011599373121188004, 1.3491252260890359e-05, -6.048137368623379e-07, -0.017662056408374736, 0.04337234947898128, -0.015094293625610157, 0.0022208676272535252, -0.00012252744792359195, 6.099270162816978e-07], [0.000142960192385152, 0.0004910291176525823, -0.000323073138314528, 8.90860953947795e-05, -1.1029808919626943e-05, 5.137969374864838e-07, 0.0027147462320724182, -0.015094293625610157, 0.007754568152349669, -0.0015520818527606597, 0.0001348948737659046, -4.119788527533606e-06], [-1.4350671991507353e-05, -0.00010897412724691452, 8.520243173030025e-05, -2.5182401670575202e-05, 3.2247304155211465e-06, -1.525897668920119e-07, -0.0005590089027857878, 0.0022208676272535252, -0.0015520818527606597, 0.00041003063186153594, -4.741909017320501e-05, 2.0215279405107716e-06], [1.8459774756344024e-06, 1.1460941772213271e-05, -9.968454773307906e-06, 3.1007078156665627e-06, -4.087511216581672e-07, 1.9632148258777778e-08, 4.05501860879887e-05, -0.00012252744792359195, 0.0001348948737659046, -4.741909017320501e-05, 6.7296628867204e-06, -3.3675805615319104e-07], [-9.876977613527886e-08, -4.779426961362225e-07, 4.379992974454143e-07, -1.4112159764454697e-07, 1.903727301684377e-08, -9.259303962217558e-10, -4.5532250673440945e-07, 6.099270162816978e-07, -4.119788527533606e-06, 2.0215279405107716e-06, -3.3675805615319104e-07, 1.8596988197170533e-08]], [[0.9455243749651164, -0.016065908755459116, 0.0015374526489197655, -0.0001548060650316608, -3.9012687138067466e-05, 8.693843012854781e-06, -4.568845355793994e-07, -0.0008931454828479025, 0.0008196024273646272, 0.00010127065113665106, -6.357454736372412e-06, -1.1329110112650519e-06, 4.93123311106995e-07, -4.202952974000059e-08], [-0.016065908755459116, 0.03970955069650752, -0.013463156489884595, 0.0015757074017748675, 6.243014564434237e-05, -2.614623950767854e-05, 1.4323670045959124e-06, -0.001355117347009734, -0.0007295032554115529, 0.0002635436033968055, -2.2160915164969442e-05, -3.375079071566222e-06, 6.61630435258048e-07, -3.160341384299218e-08], [0.0015374526489197655, -0.013463156489884595, 0.006879544271453661, -0.001109339065351745, -5.283469415239707e-06, 1.640850896314583e-05, -1.0848944345372234e-06, 8.723661568805412e-05, 0.00027381182148616034, -0.0001349260463957797, 1.6654394715096654e-05, 1.5959863252466339e-06, -4.7183015180791975e-07, 2.641547603772301e-08], [-0.0001548060650316608, 0.0015757074017748675, -0.001109339065351745, 0.00022993675750824596, -4.406323838226787e-06, -3.2396737840003937e-06, 2.5008611770428305e-07, 1.0883008073788034e-06, -4.438929968950495e-05, 2.5452390573951202e-05, -3.842292412106488e-06, -2.419341085223342e-07, 1.0029262640871742e-07, -6.1651209719050006e-09], [-3.9012687138067466e-05, 6.243014564434237e-05, -5.283469415239707e-06, -4.406323838226787e-06, 6.323156910396279e-07, 4.26402076788866e-08, -7.299787226642053e-09, -4.154278705639066e-06, 9.9950924869698e-07, -6.605133413553416e-07, 1.4890254311544003e-07, -9.997971748273165e-10, -2.951699588494363e-09, 2.2837081714823843e-10], [8.693843012854781e-06, -2.614623950767854e-05, 1.640850896314583e-05, -3.2396737840003937e-06, 4.26402076788866e-08, 4.7256499252635994e-08, -3.508900095543883e-09, 6.076487444349426e-07, 4.0531260364920834e-07, -2.821146274165174e-07, 4.1718616169107145e-08, 3.2129139712054192e-09, -1.1645407865862345e-09, 7.02526020061052e-11], [-4.568845355793994e-07, 1.4323670045959124e-06, -1.0848944345372234e-06, 2.5008611770428305e-07, -7.299787226642053e-09, -3.508900095543883e-09, 2.9027435604532493e-10, -2.503263446942122e-08, -3.038483469969866e-08, 2.3014034670297198e-08, -3.76270677743567e-09, -2.073431380434578e-10, 9.647228275625113e-11, -6.149408791286384e-12], [-0.0008931454828479025, -0.001355117347009734, 8.723661568805412e-05, 1.0883008073788034e-06, -4.154278705639066e-06, 6.076487444349426e-07, -2.503263446942122e-08, 0.9700262059714002, -0.016395643304100843, 0.002024477484729833, -0.0002999450632122356, -2.9919781664928032e-05, 9.542673823371245e-06, -5.333232307695036e-07], [0.0008196024273646272, -0.0007295032554115529, 0.00027381182148616034, -4.438929968950495e-05, 9.9950924869698e-07, 4.0531260364920834e-07, -3.038483469969866e-08, -0.016395643304100843, 0.04143376343596691, -0.014106356692757527, 0.0016770048949089117, 6.27969182431514e-05, -2.758992942414897e-05, 1.5248726822023632e-06], [0.00010127065113665106, 0.0002635436033968055, -0.0001349260463957797, 2.5452390573951202e-05, -6.605133413553416e-07, -2.821146274165174e-07, 2.3014034670297198e-08, 0.002024477484729833, -0.014106356692757527, 0.007204202904300504, -0.0011656720201738214, -4.747034502666635e-06, 1.7103021601767547e-05, -1.1316649032638054e-06], [-6.357454736372412e-06, -2.2160915164969442e-05, 1.6654394715096654e-05, -3.842292412106488e-06, 1.4890254311544003e-07, 4.1718616169107145e-08, -3.76270677743567e-09, -0.0002999450632122356, 0.0016770048949089117, -0.0011656720201738214, 0.0002406120739645857, -4.610881424709709e-06, -3.3655619993085897e-06, 2.593489885190271e-07], [-1.1329110112650519e-06, -3.375079071566222e-06, 1.5959863252466339e-06, -2.419341085223342e-07, -9.997971748273165e-10, 3.2129139712054192e-09, -2.073431380434578e-10, -2.9919781664928032e-05, 6.27969182431514e-05, -4.747034502666635e-06, -4.610881424709709e-06, 6.394300289083814e-07, 4.60195920316763e-08, -7.606003564185771e-09], [4.93123311106995e-07, 6.61630435258048e-07, -4.7183015180791975e-07, 1.0029262640871742e-07, -2.951699588494363e-09, -1.1645407865862345e-09, 9.647228275625113e-11, 9.542673823371245e-06, -2.758992942414897e-05, 1.7103021601767547e-05, -3.3655619993085897e-06, 4.60195920316763e-08, 4.8520289439349706e-08, -3.6068854432558727e-09], [-4.202952974000059e-08, -3.160341384299218e-08, 2.641547603772301e-08, -6.1651209719050006e-09, 2.2837081714823843e-10, 7.02526020061052e-11, -6.149408791286384e-12, -5.333232307695036e-07, 1.5248726822023632e-06, -1.1316649032638054e-06, 2.593489885190271e-07, -7.606003564185771e-09, -3.6068854432558727e-09, 2.9860718041204815e-10]], [[0.9438726295255031, -0.01238255426892155, 0.00020039042403410042, 4.8540484027362834e-05, -4.313501490461129e-05, 2.7430458784046014e-06, 8.380845126576945e-07, -8.324044705509874e-08, -0.0010413366575379535, 0.0006017184949277414, 0.0001988056342140579, -2.9153415632176923e-05, 3.738279147796837e-07, 5.114379446378534e-07, -3.05636043299375e-08, -2.300724621000595e-09], [-0.01238255426892155, 0.03362309001302969, -0.011050374092851192, 0.0010507842114800446, 0.00010378499032717134, -1.2528746409091215e-05, -2.108936035828416e-06, 2.282021312605428e-07, -0.001620288629370039, -0.00030206898394915323, 3.730642516832026e-05, 1.2618084394046474e-05, -6.291198515570223e-07, -3.4530524652851534e-07, 1.679932032217912e-08, 1.4247253813217143e-09], [0.00020039042403410042, -0.011050374092851192, 0.005649245849265065, -0.000781993816259181, -3.108057332214143e-05, 8.181269896635013e-06, 8.666148847928537e-07, -1.1716781957922499e-07, 0.0001747259339917363, -1.34463663720182e-05, 3.479405114045646e-05, -1.332486345533642e-05, 7.922403384858666e-07, 1.603024329663806e-07, -1.1279682330407926e-08, -5.293439469649656e-10], [4.8540484027362834e-05, 0.0010507842114800446, -0.000781993816259181, 0.00015293584304349982, -1.5747760977317939e-06, -1.4529003454461915e-06, -4.4110242782681036e-08, 1.4108754414644232e-08, -2.7055999411141645e-05, 2.3969946339672733e-05, -1.7881067654263743e-05, 4.313750359183846e-06, -2.3567987791397092e-07, -4.30826491733324e-08, 4.5290473690419225e-09, -3.237666830153239e-11], [-4.313501490461129e-05, 0.00010378499032717134, -3.108057332214143e-05, -1.5747760977317939e-06, 1.2339896012296214e-06, -1.8661629773646667e-08, -2.1567717460644384e-08, 1.5352207377116902e-09, 4.466114793667431e-06, -3.223460867850575e-06, 2.415052792418438e-06, -5.414471515855213e-07, 3.433850363612378e-08, 4.630559944366425e-09, -7.364343253510863e-10, 2.8253051974827783e-11], [2.7430458784046014e-06, -1.2528746409091215e-05, 8.181269896635013e-06, -1.4529003454461915e-06, -1.8661629773646667e-08, 1.5459131622733754e-08, 1.1144460137408691e-09, -1.9697270302685988e-10, -8.78721557053232e-07, -3.5658717801963213e-07, 1.439531383125506e-07, -2.1022119636641977e-08, -7.343630417010017e-10, 3.1255997127249063e-10, 1.094811495381873e-11, -2.9707574474025793e-12], [8.380845126576945e-07, -2.108936035828416e-06, 8.666148847928537e-07, -4.4110242782681036e-08, -2.1567717460644384e-08, 1.1144460137408691e-09, 4.251385244190465e-10, -3.666526015338807e-11, 9.472255285042732e-08, 9.580127863949578e-08, -5.2930209022356186e-08, 1.0224964625576672e-08, -4.3251886804161464e-10, -9.37709633338236e-11, 8.870493731944293e-12, -9.359073692867319e-14], [-8.324044705509874e-08, 2.282021312605428e-07, -1.1716781957922499e-07, 1.4108754414644232e-08, 1.5352207377116902e-09, -1.9697270302685988e-10, -3.666526015338807e-11, 4.01242568792906e-12, -3.1623357679045257e-09, -5.4241912693197305e-09, 3.182261018011362e-09, -6.42694047292677e-10, 3.4529497345810936e-11, 4.966395444671444e-12, -6.168491948846759e-13, 1.5989729520407492e-14], [-0.0010413366575379535, -0.001620288629370039, 0.0001747259339917363, -2.7055999411141645e-05, 4.466114793667431e-06, -8.78721557053232e-07, 9.472255285042732e-08, -3.1623357679045257e-09, 0.9681763192693682, -0.01222425819702091, 0.0005575664118971873, -9.241555921784433e-05, -2.9398622248597262e-05, 2.3295560048039496e-06, 9.225267547901714e-07, -9.214085231793209e-08], [0.0006017184949277414, -0.00030206898394915323, -1.34463663720182e-05, 2.3969946339672733e-05, -3.223460867850575e-06, -3.5658717801963213e-07, 9.580127863949578e-08, -5.4241912693197305e-09, -0.01222425819702091, 0.03445379275092117, -0.011305807891902988, 0.001109379104035814, 0.0001008118915170704, -1.3013109835243006e-05, -2.0766291197846143e-06, 2.2984712142228467e-07], [0.0001988056342140579, 3.730642516832026e-05, 3.479405114045646e-05, -1.7881067654263743e-05, 2.415052792418438e-06, 1.439531383125506e-07, -5.2930209022356186e-08, 3.182261018011362e-09, 0.0005575664118971873, -0.011305807891902988, 0.005769329885540181, -0.0008093255388380434, -2.9710244700398618e-05, 8.451309100352247e-06, 8.331487503495821e-07, -1.1640750848582441e-07], [-2.9153415632176923e-05, 1.2618084394046474e-05, -1.332486345533642e-05, 4.313750359183846e-06, -5.414471515855213e-07, -2.1022119636641977e-08, 1.0224964625576672e-08, -6.42694047292677e-10, -9.241555921784433e-05, 0.001109379104035814, -0.0008093255388380434, 0.0001573913276880763, -1.5178258766402025e-06, -1.4997750424109017e-06, -4.619419708425811e-08, 1.4606323555069361e-08], [3.738279147796837e-07, -6.291198515570223e-07, 7.922403384858666e-07, -2.3567987791397092e-07, 3.433850363612378e-08, -7.343630417010017e-10, -4.3251886804161464e-10, 3.4529497345810936e-11, -2.9398622248597262e-05, 0.0001008118915170704, -2.9710244700398618e-05, -1.5178258766402025e-06, 1.1420847095275499e-06, -1.5328364235368566e-08, -1.929632247002192e-08, 1.3292435648820913e-09], [5.114379446378534e-07, -3.4530524652851534e-07, 1.603024329663806e-07, -4.30826491733324e-08, 4.630559944366425e-09, 3.1255997127249063e-10, -9.37709633338236e-11, 4.966395444671444e-12, 2.3295560048039496e-06, -1.3013109835243006e-05, 8.451309100352247e-06, -1.4997750424109017e-06, -1.5328364235368566e-08, 1.5567439112931198e-08, 1.0438260993103627e-09, -1.9149722395942143e-10], [-3.05636043299375e-08, 1.679932032217912e-08, -1.1279682330407926e-08, 4.5290473690419225e-09, -7.364343253510863e-10, 1.094811495381873e-11, 8.870493731944293e-12, -6.168491948846759e-13, 9.225267547901714e-07, -2.0766291197846143e-06, 8.331487503495821e-07, -4.619419708425811e-08, -1.929632247002192e-08, 1.0438260993103627e-09, 3.75193756678397e-10, -3.240452552822106e-11], [-2.300724621000595e-09, 1.4247253813217143e-09, -5.293439469649656e-10, -3.237666830153239e-11, 2.8253051974827783e-11, -2.9707574474025793e-12, -9.359073692867319e-14, 1.5989729520407492e-14, -9.214085231793209e-08, 2.2984712142228467e-07, -1.1640750848582441e-07, 1.4606323555069361e-08, 1.3292435648820913e-09, -1.9149722395942143e-10, -3.240452552822106e-11, 3.654705084315444e-12]]], "B_list": [{"B_d": [[1.601944619625675e-05], [3.6947530508678674e-07], [9.752379227190658e-08]], "B_theta": [9.250697238180087e-08], "B_const": [0.11759102708414262]}, {"B_d": [[8.710704041153791e-07], [3.140834858977777e-08], [1.7746485636948955e-08]], "B_theta": [2.14324485209789e-08], "B_const": [0.012465776576729686]}, {"B_d": [[1.1171773131732991e-07], [8.069495136502418e-09], [4.980627066226089e-09]], "B_theta": [5.991283612098045e-09], "B_const": [0.0029152079619945734]}, {"B_d": [[2.021098909918547e-07], [1.541710012753456e-08], [2.0577089242109284e-09]], "B_theta": [2.6974216008193163e-09], "B_const": [0.001061538435673759]}, {"B_d": [[1.5572353096834165e-08], [1.0012613109166495e-08], [1.3580738698018744e-09]], "B_theta": [1.678687839697585e-09], "B_const": [0.0005118327496691471]}, {"B_d": [[3.118068037486476e-08], [9.380860239028277e-09], [1.257259373514225e-09]], "B_theta": [1.1176095763695285e-09], "B_const": [0.00031288969686033046]}, {"B_d": [[2.005562394366208e-08], [8.14733600572734e-09], [1.322257062413425e-09]], "B_theta": [1.1886032217149548e-09], "B_const": [0.0003084833601379457]}, {"B_d": [[1.9459571324580705e-08], [2.3676227884794857e-09], [1.5355309476278272e-09]], "B_theta": [1.196285769565986e-09], "B_const": [0.00029104035596410444]}], "bic_scores": [75.18234273774716, -59.902605828808035, -131.5237064139487, -164.30789130418432, -168.36091757037883, -145.1736354329074, -90.66744928584686, -26.930685376953818], "best_bic": -168.36091757037883, "best_bic_A": [[0.9548623486482978, -0.02581843577115832, 0.004023073931949094, -0.0004905479874289459, 1.9482697681233608e-05, -0.0008622356393021097, 0.0009807893703696325, 0.00013398572070652168, -1.0678269365203098e-05, 7.042217581708185e-07], [-0.02581843577115832, 0.04819890224259953, -0.015580411871651653, 0.0020699752293218913, -9.798512689683007e-05, -0.001300563113704021, -0.0005798037803581453, 0.0001498494260340963, -1.2512011759313019e-05, 7.801455851006765e-08], [0.004023073931949094, -0.015580411871651653, 0.006755722868113502, -0.0010495698533486847, 5.536946548671861e-05, 0.00010260117942779408, 0.0001894460672587598, -6.608049751148457e-05, 8.915540852416827e-06, -3.910748400103192e-07], [-0.0004905479874289459, 0.0020699752293218913, -0.0010495698533486847, 0.00017950870130975112, -1.0124269045826882e-05, -1.4652684365947709e-05, -2.6805856035411168e-05, 1.0663610460726434e-05, -1.680392135833061e-06, 9.046468539274741e-08], [1.9482697681233608e-05, -9.798512689683007e-05, 5.536946548671861e-05, -1.0124269045826882e-05, 5.981492484031187e-07, 1.2075770511098843e-06, 1.2925688113216904e-06, -5.770124727632764e-07, 9.775310285296623e-08, -5.74258910153913e-09], [-0.0008622356393021097, -0.001300563113704021, 0.00010260117942779408, -1.4652684365947709e-05, 1.2075770511098843e-06, 0.9784817581332745, -0.024816549045045516, 0.004021503265113689, -0.0005281410450009675, 2.4246758247099614e-05], [0.0009807893703696325, -0.0005798037803581453, 0.0001894460672587598, -2.6805856035411168e-05, 1.2925688113216904e-06, -0.024816549045045516, 0.04990383198936872, -0.016230106881389546, 0.0021756005314650505, -0.0001042287039561488], [0.00013398572070652168, 0.0001498494260340963, -6.608049751148457e-05, 1.0663610460726434e-05, -5.770124727632764e-07, 0.004021503265113689, -0.016230106881389546, 0.007070344846772861, -0.0011030953931250617, 5.84608104249158e-05], [-1.0678269365203098e-05, -1.2512011759313019e-05, 8.915540852416827e-06, -1.680392135833061e-06, 9.775310285296623e-08, -0.0005281410450009675, 0.0021756005314650505, -0.0011030953931250617, 0.00018882329398891328, -1.0664415072490398e-05], [7.042217581708185e-07, 7.801455851006765e-08, -3.910748400103192e-07, 9.046468539274741e-08, -5.74258910153913e-09, 2.4246758247099614e-05, -0.0001042287039561488, 5.84608104249158e-05, -1.0664415072490398e-05, 6.294166932151964e-07]], "best_bic_B": {"B_d": [[1.5572353096834165e-08], [1.0012613109166495e-08], [1.3580738698018744e-09]], "B_theta": [1.678687839697585e-09], "B_const": [0.0005118327496691471]}, "best_bic_deg": 5, "best_bic_deg_idx": 4, "aic_scores": [66.1316232295819, -76.8727049066179, -160.9385448154858, -210.6928287835313, -236.24131388161828, -239.074850330122, -215.1148425231192, -186.44961670836653], "best_aic": -239.074850330122, "best_aic_A": [[0.9456610767421256, -0.017549224901324007, 0.0023250902042128837, -0.00040820664507967646, 2.1969199070408225e-05, 2.658968721472043e-07, -0.0010282668368157251, 0.000706842964137036, 0.000142960192385152, -1.4350671991507353e-05, 1.8459774756344024e-06, -9.876977613527886e-08], [-0.017549224901324007, 0.04203469707186103, -0.01471212103632085, 0.0021653341319763726, -0.00011973699949024756, 6.361888306442159e-07, -0.0014236756194668755, -0.0009144325360813186, 0.0004910291176525823, -0.00010897412724691452, 1.1460941772213271e-05, -4.779426961362225e-07], [0.0023250902042128837, -0.01471212103632085, 0.007589965132921931, -0.0015239781442383544, 0.0001331392834042246, -4.103787434573778e-06, 0.00019352706848156287, 0.0004682717590855904, -0.000323073138314528, 8.520243173030025e-05, -9.968454773307906e-06, 4.379992974454143e-07], [-0.00040820664507967646, 0.0021653341319763726, -0.0015239781442383544, 0.00040439122453706373, -4.693422163757442e-05, 2.0070126405330037e-06, -3.053105367479265e-05, -0.00011599373121188004, 8.90860953947795e-05, -2.5182401670575202e-05, 3.1007078156665627e-06, -1.4112159764454697e-07], [2.1969199070408225e-05, -0.00011973699949024756, 0.0001331392834042246, -4.693422163757442e-05, 6.666278859795085e-06, -3.335908746912629e-07, 1.1901476686536572e-06, 1.3491252260890359e-05, -1.1029808919626943e-05, 3.2247304155211465e-06, -4.087511216581672e-07, 1.903727301684377e-08], [2.658968721472043e-07, 6.361888306442159e-07, -4.103787434573778e-06, 2.0070126405330037e-06, -3.335908746912629e-07, 1.8387563734755562e-08, 7.735030355106692e-08, -6.048137368623379e-07, 5.137969374864838e-07, -1.525897668920119e-07, 1.9632148258777778e-08, -9.259303962217558e-10], [-0.0010282668368157251, -0.0014236756194668755, 0.00019352706848156287, -3.053105367479265e-05, 1.1901476686536572e-06, 7.735030355106692e-08, 0.9701879302999764, -0.017662056408374736, 0.0027147462320724182, -0.0005590089027857878, 4.05501860879887e-05, -4.5532250673440945e-07], [0.000706842964137036, -0.0009144325360813186, 0.0004682717590855904, -0.00011599373121188004, 1.3491252260890359e-05, -6.048137368623379e-07, -0.017662056408374736, 0.04337234947898128, -0.015094293625610157, 0.0022208676272535252, -0.00012252744792359195, 6.099270162816978e-07], [0.000142960192385152, 0.0004910291176525823, -0.000323073138314528, 8.90860953947795e-05, -1.1029808919626943e-05, 5.137969374864838e-07, 0.0027147462320724182, -0.015094293625610157, 0.007754568152349669, -0.0015520818527606597, 0.0001348948737659046, -4.119788527533606e-06], [-1.4350671991507353e-05, -0.00010897412724691452, 8.520243173030025e-05, -2.5182401670575202e-05, 3.2247304155211465e-06, -1.525897668920119e-07, -0.0005590089027857878, 0.0022208676272535252, -0.0015520818527606597, 0.00041003063186153594, -4.741909017320501e-05, 2.0215279405107716e-06], [1.8459774756344024e-06, 1.1460941772213271e-05, -9.968454773307906e-06, 3.1007078156665627e-06, -4.087511216581672e-07, 1.9632148258777778e-08, 4.05501860879887e-05, -0.00012252744792359195, 0.0001348948737659046, -4.741909017320501e-05, 6.7296628867204e-06, -3.3675805615319104e-07], [-9.876977613527886e-08, -4.779426961362225e-07, 4.379992974454143e-07, -1.4112159764454697e-07, 1.903727301684377e-08, -9.259303962217558e-10, -4.5532250673440945e-07, 6.099270162816978e-07, -4.119788527533606e-06, 2.0215279405107716e-06, -3.3675805615319104e-07, 1.8596988197170533e-08]], "best_aic_B": {"B_d": [[3.118068037486476e-08], [9.380860239028277e-09], [1.257259373514225e-09]], "B_theta": [1.1176095763695285e-09], "B_const": [0.00031288969686033046]}, "best_aic_deg": 6, "best_aic_deg_idx": 5, "lr": [{"class_name": "PiecewiseConstantDecay", "config": {"boundaries": [4020], "values": [0.005, 0.005], "name": null}}, {"class_name": "PiecewiseConstantDecay", "config": {"boundaries": [4020], "values": [0.005, 0.005], "name": null}}, {"class_name": "PiecewiseConstantDecay", "config": {"boundaries": [4020], "values": [0.005, 0.005], "name": null}}, {"class_name": "PiecewiseConstantDecay", "config": {"boundaries": [4020], "values": [0.005, 0.005], "name": null}}, {"class_name": "PiecewiseConstantDecay", "config": {"boundaries": [4020], "values": [0.005, 0.005], "name": null}}, {"class_name": "PiecewiseConstantDecay", "config": {"boundaries": [4020], "values": [0.005, 0.005], "name": null}}, {"class_name": "PiecewiseConstantDecay", "config": {"boundaries": [4020], "values": [0.005, 0.005], "name": null}}, {"class_name": "PiecewiseConstantDecay", "config": {"boundaries": [4020], "values": [0.005, 0.005], "name": null}}], "optimizer": [{"class_name": "Adam", "config": {"name": "Adam", "learning_rate": 0.005, "decay": 0.0, "beta_1": 0.9, "beta_2": 0.999, "epsilon": 1e-07, "amsgrad": false}}, {"class_name": "Adam", "config": {"name": "Adam", "learning_rate": 0.005, "decay": 0.0, "beta_1": 0.9, "beta_2": 0.999, "epsilon": 1e-07, "amsgrad": false}}, {"class_name": "Adam", "config": {"name": "Adam", "learning_rate": 0.005, "decay": 0.0, "beta_1": 0.9, "beta_2": 0.999, "epsilon": 1e-07, "amsgrad": false}}, {"class_name": "Adam", "config": {"name": "Adam", "learning_rate": 0.005, "decay": 0.0, "beta_1": 0.9, "beta_2": 0.999, "epsilon": 1e-07, "amsgrad": false}}, {"class_name": "Adam", "config": {"name": "Adam", "learning_rate": 0.005, "decay": 0.0, "beta_1": 0.9, "beta_2": 0.999, "epsilon": 1e-07, "amsgrad": false}}, {"class_name": "Adam", "config": {"name": "Adam", "learning_rate": 0.005, "decay": 0.0, "beta_1": 0.9, "beta_2": 0.999, "epsilon": 1e-07, "amsgrad": false}}, {"class_name": "Adam", "config": {"name": "Adam", "learning_rate": 0.005, "decay": 0.0, "beta_1": 0.9, "beta_2": 0.999, "epsilon": 1e-07, "amsgrad": false}}, {"class_name": "Adam", "config": {"name": "Adam", "learning_rate": 0.005, "decay": 0.0, "beta_1": 0.9, "beta_2": 0.999, "epsilon": 1e-07, "amsgrad": false}}], "epochs": 100, "best_epochs": [99, 99, 99, 99, 99, 99, 99, 99], "batch_size": 1024}