{"degree": [1, 2, 3, 4, 5, 6, 7, 8], "losses": [221.20672028398474, 19.85822058747215, -104.59104937483977, -195.40784568316712, -264.07093324988926, -313.3852394808584, -339.93569363367726, -345.57085846022756], "A_list": [[[39.65003424614585, -1.5624351628565676], [-1.5624351628565676, 37.28419356081909]], [[40.68934705076006, -0.448777317872239, -1.2638624293259995, 0.03540820956265921], [-0.448777317872239, 0.10065771612398824, -0.054333267862295406, 0.00012817471648709198], [-1.2638624293259995, -0.054333267862295406, 38.905551226145306, -0.5582538152808063], [0.03540820956265921, 0.00012817471648709198, -0.5582538152808063, 0.11386761571521635]], [[41.15476915935834, -0.3826195924842052, -0.009268016912394135, -1.5006168662212678, 0.06046286842006345, -0.0039027060857814502], [-0.3826195924842052, 0.2092484272555912, -0.012917316934836099, -0.07387841953323478, 0.0007414330585340819, 0.0009009374246425653], [-0.009268016912394135, -0.012917316934836099, 0.0015416796367477956, 0.0038848895488380877, -0.0010192757170291032, 5.376317800103388e-07], [-1.5006168662212678, -0.07387841953323478, 0.0038848895488380877, 39.21642585958732, -0.4908729406287245, -0.009389500421194023], [0.06046286842006345, 0.0007414330585340819, -0.0010192757170291032, -0.4908729406287245, 0.23202804891450385, -0.01410362633423268], [-0.0039027060857814502, 0.0009009374246425653, 5.376317800103388e-07, -0.009389500421194023, -0.01410362633423268, 0.0016802156147348588]], [[40.79528355225629, -0.24591538403000432, -0.039496704411387536, 0.00268233419527618, -1.5155807022479482, 0.05391842996619761, -0.004761376959872247, 0.0001551937268699843], [-0.24591538403000432, 0.2480502399358387, -0.035975055478263844, 0.001957580027005292, -0.05665020314672536, -9.271855509067819e-05, 0.0031478370673975738, -0.00032184742369158176], [-0.039496704411387536, -0.035975055478263844, 0.011605016811617457, -0.0008684278582770858, 0.0027541892407436375, -0.0027412615371991073, -8.948450400745154e-05, 4.103716059817153e-05], [0.00268233419527618, 0.001957580027005292, -0.0008684278582770858, 7.515719055102247e-05, -8.136635324736359e-05, 0.0002780324750979912, -2.559536748148423e-05, -6.045263173448468e-07], [-1.5155807022479482, -0.05665020314672536, 0.0027541892407436375, -8.136635324736359e-05, 39.13338651883726, -0.3357406168729924, -0.04560415887246888, 0.0030107627533521963], [0.05391842996619761, -9.271855509067819e-05, -0.0027412615371991073, 0.0002780324750979912, -0.3357406168729924, 0.27226730964574447, -0.03846196537429805, 0.002102540287281106], [-0.004761376959872247, 0.0031478370673975738, -8.948450400745154e-05, -2.559536748148423e-05, -0.04560415887246888, -0.03846196537429805, 0.012386349255864985, -0.0009284915660298184], [0.0001551937268699843, -0.00032184742369158176, 4.103716059817153e-05, -6.045263173448468e-07, 0.0030107627533521963, 0.002102540287281106, -0.0009284915660298184, 8.029084647559351e-05]], [[40.77132377508785, -0.20302183083993008, -0.04323267400949291, 0.0023604195693433436, 2.6637536796407393e-05, -1.4754499713832328, 0.04516830419909988, -0.0038494363982157337, 0.0003247191685742547, -2.7483851790473307e-05], [-0.20302183083993008, 0.24476333836921424, -0.06000085010555742, 0.008207671934589742, -0.00042114280012574794, -0.05353008259513871, -0.0009331237417075245, 0.005047473918760755, -0.0011359440813083783, 7.855457799101366e-05], [-0.04323267400949291, -0.06000085010555742, 0.03619708679655644, -0.0064737608056860746, 0.0003820295863468326, -0.0007679901299618255, -0.003519630848408709, -0.0004184020569674896, 0.0003308305635969599, -3.134720842107867e-05], [0.0023604195693433436, 0.008207671934589742, -0.0064737608056860746, 0.0013316649693820427, -8.578038274768196e-05, 0.0003910041904689836, 0.0008368406008782372, -0.00015690637298545926, -1.9194087787071906e-05, 3.5398816847700493e-06], [2.6637536796407393e-05, -0.00042114280012574794, 0.0003820295863468326, -8.578038274768196e-05, 5.855117885324416e-06, -1.3887145905407339e-05, -5.937255143668707e-05, 1.9760762160550547e-05, -8.979417609630787e-07, -9.364653811478815e-08], [-1.4754499713832328, -0.05353008259513871, -0.0007679901299618255, 0.0003910041904689836, -1.3887145905407339e-05, 39.02729795640765, -0.28441103638171256, -0.052530691467177724, 0.003698200078725522, -5.2305407072760016e-05], [0.04516830419909988, -0.0009331237417075245, -0.003519630848408709, 0.0008368406008782372, -5.937255143668707e-05, -0.28441103638171256, 0.2687145887992029, -0.06453471050604792, 0.008799874097875844, -0.0004517663635824591], [-0.0038494363982157337, 0.005047473918760755, -0.0004184020569674896, -0.00015690637298545926, 1.9760762160550547e-05, -0.052530691467177724, -0.06453471050604792, 0.03874033542231709, -0.006920228354820483, 0.0004076338779617526], [0.0003247191685742547, -0.0011359440813083783, 0.0003308305635969599, -1.9194087787071906e-05, -8.979417609630787e-07, 0.003698200078725522, 0.008799874097875844, -0.006920228354820483, 0.0014225826418775374, -9.149872611160746e-05], [-2.7483851790473307e-05, 7.855457799101366e-05, -3.134720842107867e-05, 3.5398816847700493e-06, -9.364653811478815e-08, -5.2305407072760016e-05, -0.0004517663635824591, 0.0004076338779617526, -9.149872611160746e-05, 6.240620633484358e-06]], [[40.62603573707588, -0.1919882168654094, -0.035539319061860586, -0.002393271864978352, 0.0008529460349880784, -4.769598876180589e-05, -1.5426470570494974, 0.049158351217539205, -0.0038416302544243275, 0.0006378113416636993, -0.00012061177194561297, 7.504855487911388e-06], [-0.1919882168654094, 0.21605358121689505, -0.06269378472444806, 0.013811976390547544, -0.001546674871000399, 6.524861903362197e-05, -0.05073153150174451, -0.00044465136537238334, 0.0035891863729152853, -0.0009957176784865464, 0.00013364877258362754, -7.026007178321647e-06], [-0.035539319061860586, -0.06269378472444806, 0.053200272037199216, -0.015282799419949842, 0.0019273227158303893, -9.029168588359723e-05, -0.0032898916045366886, -0.003091310083521739, -0.00012040044949343173, 0.0004197357084166687, -9.232792915039059e-05, 6.016778220304961e-06], [-0.002393271864978352, 0.013811976390547544, -0.015282799419949842, 0.005273861786223255, -0.0007545627010730538, 3.902645798251622e-05, 0.0010952284912097688, 0.0009737996780377459, -0.0004119260198732319, 4.754680697686303e-06, 1.463206584473108e-05, -1.4061532312201452e-06], [0.0008529460349880784, -0.001546674871000399, 0.0019273227158303893, -0.0007545627010730538, 0.00011817467732601381, -6.540925839616069e-06, -9.733693138675043e-05, -0.00014937424110171023, 0.00010000251726606925, -1.6927119560117404e-05, 1.0038896795221011e-07, 1.0255056154799347e-07], [-4.769598876180589e-05, 6.524861903362197e-05, -9.029168588359723e-05, 3.902645798251622e-05, -6.540925839616069e-06, 3.802259454355155e-07, 2.8426583948925965e-06, 8.876415503675506e-06, -6.942566358187685e-06, 1.6022080208782677e-06, -1.1091768326317266e-07, -1.8652060408454143e-10], [-1.5426470570494974, -0.05073153150174451, -0.0032898916045366886, 0.0010952284912097688, -9.733693138675043e-05, 2.8426583948925965e-06, 38.980824109575394, -0.2651635726339829, -0.050739057211648564, 0.0002972404052388744, 0.000614205273585848, -3.664014607265712e-05], [0.049158351217539205, -0.00044465136537238334, -0.003091310083521739, 0.0009737996780377459, -0.00014937424110171023, 8.876415503675506e-06, -0.2651635726339829, 0.23772583955981474, -0.06689589912259356, 0.014597546407215325, -0.001628230871574535, 6.820187769971549e-05], [-0.0038416302544243275, 0.0035891863729152853, -0.00012040044949343173, -0.0004119260198732319, 0.00010000251726606925, -6.942566358187685e-06, -0.050739057211648564, -0.06689589912259356, 0.056450914902544724, -0.016138121974163377, 0.0020301458421771042, -9.486336645502921e-05], [0.0006378113416636993, -0.0009957176784865464, 0.0004197357084166687, 4.754680697686303e-06, -1.6927119560117404e-05, 1.6022080208782677e-06, 0.0002972404052388744, 0.014597546407215325, -0.016138121974163377, 0.005550623918056661, -0.0007932575468254444, 4.0965919923080127e-05], [-0.00012061177194561297, 0.00013364877258362754, -9.232792915039059e-05, 1.463206584473108e-05, 1.0038896795221011e-07, -1.1091768326317266e-07, 0.000614205273585848, -0.001628230871574535, 0.0020301458421771042, -0.0007932575468254444, 0.00012428167398217873, -6.875764344434691e-06], [7.504855487911388e-06, -7.026007178321647e-06, 6.016778220304961e-06, -1.4061532312201452e-06, 1.0255056154799347e-07, -1.8652060408454143e-10, -3.664014607265712e-05, 6.820187769971549e-05, -9.486336645502921e-05, 4.0965919923080127e-05, -6.875764344434691e-06, 3.9971663547912467e-07]], [[40.68305044053479, -0.1655197081048915, -0.048329146445259354, 0.0008922909748977904, 0.0003485033668415774, 5.581194721663324e-06, -2.895954483645882e-06, -1.5036856831773526, 0.04649246777388076, -0.001591713032608827, -3.640458184232115e-05, -5.278952571053557e-06, -1.7886114226146038e-06, 5.509880865268454e-07], [-0.1655197081048915, 0.18358039242050583, -0.045146104718397743, 0.010243400341258565, -0.001164224804031341, 2.480234340856351e-05, 3.066009791905396e-06, -0.04982775752786066, -6.62834131249367e-05, 0.0030713156398519655, -0.000682733724579557, 6.911713532462384e-05, -2.7161949619602636e-06, -1.4445914634956315e-08], [-0.048329146445259354, -0.045146104718397743, 0.04393124289379023, -0.013527228887971978, 0.0017771332244789478, -7.606464077652514e-05, -1.2790559846693752e-06, -0.0016059924927560804, -0.0021770303842465616, -0.00034388374025021064, 0.00032342329519786115, -5.394964571160565e-05, 2.399340029524988e-06, 6.271096483644846e-08], [0.0008922909748977904, 0.010243400341258565, -0.013527228887971978, 0.005414655390182783, -0.0009588794810814562, 7.585188908696746e-05, -2.034287184051213e-06, 0.000431093912126313, 0.0003959796604696669, -0.00015012727256212175, -2.3265943228500312e-05, 1.3042243184460174e-05, -1.5405008007931403e-06, 5.2913437660368157e-08], [0.0003485033668415774, -0.001164224804031341, 0.0017771332244789478, -0.0009588794810814562, 0.00023169141416197077, -2.617275370692449e-05, 1.1306828511009479e-06, 5.175182918361523e-05, -3.66447287859227e-05, 4.667647229576826e-05, -1.153825297873477e-05, 1.192397480943377e-07, 2.4121471391253747e-07, -1.9645141912182123e-08], [5.581194721663324e-06, 2.480234340856351e-05, -7.606464077652514e-05, 7.585188908696746e-05, -2.617275370692449e-05, 3.781531421911515e-06, -1.9733719600784454e-07, -1.303998137181747e-05, 1.8829091996491688e-06, -4.740072176919544e-06, 2.3444811807894043e-06, -3.311929642961316e-07, -8.003066457588153e-10, 1.8888104281326893e-09], [-2.895954483645882e-06, 3.066009791905396e-06, -1.2790559846693752e-06, -2.034287184051213e-06, 1.1306828511009479e-06, -1.9733719600784454e-07, 1.1462608526961981e-08, 6.613322802404286e-07, -4.875424090776297e-08, 1.6268383985233577e-07, -1.2878729416521397e-07, 2.6919245299587103e-08, -1.4414191865205252e-09, -3.377281448834783e-11], [-1.5036856831773526, -0.04982775752786066, -0.0016059924927560804, 0.000431093912126313, 5.175182918361523e-05, -1.303998137181747e-05, 6.613322802404286e-07, 39.112286876447726, -0.25405588130675016, -0.05587261903027402, 0.0011930904918760477, 0.0006418058693718962, -5.176626103052948e-05, 6.350809514390136e-07], [0.04649246777388076, -6.62834131249367e-05, -0.0021770303842465616, 0.0003959796604696669, -3.66447287859227e-05, 1.8829091996491688e-06, -4.875424090776297e-08, -0.25405588130675016, 0.20225874899891075, -0.04756892481881516, 0.010667436993714093, -0.0012282788411720723, 3.002226490463087e-05, 2.9278073093254765e-06], [-0.001591713032608827, 0.0030713156398519655, -0.00034388374025021064, -0.00015012727256212175, 4.667647229576826e-05, -4.740072176919544e-06, 1.6268383985233577e-07, -0.05587261903027402, -0.04756892481881516, 0.04610517088189277, -0.014230764606344159, 0.001905770265416972, -8.88133379608583e-05, -7.648358963626628e-07], [-3.640458184232115e-05, -0.000682733724579557, 0.00032342329519786115, -2.3265943228500312e-05, -1.153825297873477e-05, 2.3444811807894043e-06, -1.2878729416521397e-07, 0.0011930904918760477, 0.010667436993714093, -0.014230764606344159, 0.0057184914758086685, -0.0010218889949014473, 8.229487958275538e-05, -2.292622606852443e-06], [-5.278952571053557e-06, 6.911713532462384e-05, -5.394964571160565e-05, 1.3042243184460174e-05, 1.192397480943377e-07, -3.311929642961316e-07, 2.6919245299587103e-08, 0.0006418058693718962, -0.0012282788411720723, 0.001905770265416972, -0.0010218889949014473, 0.0002459139752772458, -2.7711589773096292e-05, 1.195753547609581e-06], [-1.7886114226146038e-06, -2.7161949619602636e-06, 2.399340029524988e-06, -1.5405008007931403e-06, 2.4121471391253747e-07, -8.003066457588153e-10, -1.4414191865205252e-09, -5.176626103052948e-05, 3.002226490463087e-05, -8.88133379608583e-05, 8.229487958275538e-05, -2.7711589773096292e-05, 3.959792251958362e-06, -2.055109117718684e-07], [5.509880865268454e-07, -1.4445914634956315e-08, 6.271096483644846e-08, 5.2913437660368157e-08, -1.9645141912182123e-08, 1.8888104281326893e-09, -3.377281448834783e-11, 6.350809514390136e-07, 2.9278073093254765e-06, -7.648358963626628e-07, -2.292622606852443e-06, 1.195753547609581e-06, -2.055109117718684e-07, 1.187334566490396e-08]], [[40.743202847519754, -0.17519087554618995, -0.04358931698500558, -0.0005347459532394614, 0.0005589601377234891, 1.6345244510696014e-06, -4.657685226378905e-06, 1.672127180746716e-07, -1.5429493207914833, 0.041925878405030904, 0.002049721946190608, -0.0013042176803492597, 0.00015650992102801085, -1.2218301460753313e-05, 7.384690688955975e-07, -7.202457639867032e-08], [-0.17519087554618995, 0.17955766716059, -0.04139567301616766, 0.008273914294258552, -0.0005099846924386867, -0.00011947511826488666, 2.116325671486842e-05, -9.334806067057467e-07, -0.05129736643269167, -0.000458966441020601, 0.003991209839168343, -0.0010234103913796283, 0.00011186070200495653, 4.1312647840157295e-07, -1.2498602246256092e-06, 7.962041280452822e-08], [-0.04358931698500558, -0.04139567301616766, 0.040213047637967916, -0.011581693105101027, 0.0010222631145385306, 0.00011716200264084472, -2.738234098380633e-05, 1.3769236154434106e-06, -0.00121971663999966, -0.0016233271400490873, -0.0009463432086528434, 0.0006369350120689906, -0.00011576273185359776, 3.3833444699132355e-06, 1.0885727428803572e-06, -8.459378264778099e-08], [-0.0005347459532394614, 0.008273914294258552, -0.011581693105101027, 0.004380993179482559, -0.0005408981380801375, -3.372994568380621e-05, 1.2806394752740272e-05, -7.776446056592149e-07, 0.0003922236025821398, 0.00021874339869268184, 3.947062279819808e-05, -0.0001373095822460135, 3.90019635950298e-05, -2.4643136222501288e-06, -3.2430115580279736e-07, 3.482393453465753e-08], [0.0005589601377234891, -0.0005099846924386867, 0.0010222631145385306, -0.0005408981380801375, 9.28107975458412e-05, 2.204703802726176e-06, -2.0663232337576306e-06, 1.4910459847632888e-07, 4.082551168879814e-05, -1.2528532297208243e-05, 2.2727421969078333e-05, 3.3149699411588167e-06, -3.46672315354542e-06, 4.5493933910154777e-07, 1.248645100993802e-08, -3.5178343358097304e-09], [1.6345244510696014e-06, -0.00011947511826488666, 0.00011716200264084472, -3.372994568380621e-05, 2.204703802726176e-06, 4.412370401084046e-07, -6.439676990367061e-08, 1.7920080027082862e-09, -1.211274277617996e-05, 4.5069489569955153e-07, -2.743904150445914e-06, 2.233788013868757e-06, -5.016778062066131e-07, 1.542130325157324e-08, 6.536419397704598e-09, -5.493598567425659e-10], [-4.657685226378905e-06, 2.116325671486842e-05, -2.738234098380633e-05, 1.2806394752740272e-05, -2.0663232337576306e-06, -6.439676990367061e-08, 4.7398802713174355e-08, -3.32859932495393e-09, 6.231720311907116e-07, 5.131961918412465e-08, -1.5941870798346457e-07, -2.1972559760608864e-07, 1.0626777588349144e-07, -1.1153536180604853e-08, -7.369982316317565e-10, 1.2293646208892727e-10], [1.672127180746716e-07, -9.334806067057467e-07, 1.3769236154434106e-06, -7.776446056592149e-07, 1.4910459847632888e-07, 1.7920080027082862e-09, -3.32859932495393e-09, 2.557891311541805e-10, 2.1959843761603298e-08, -7.691579536660377e-09, 2.6893246667556735e-08, 2.951730851059139e-09, -4.936062428236692e-09, 7.7482337077167e-10, 1.1865878141176452e-11, -5.8839671262268235e-12], [-1.5429493207914833, -0.05129736643269167, -0.00121971663999966, 0.0003922236025821398, 4.082551168879814e-05, -1.211274277617996e-05, 6.231720311907116e-07, 2.1959843761603298e-08, 39.12593856342932, -0.2582094139464419, -0.053520136694416465, 0.0004123832408385457, 0.0006544386166365836, -1.182170674784834e-05, -6.42019152982926e-06, 4.3730152191005034e-07], [0.041925878405030904, -0.000458966441020601, -0.0016233271400490873, 0.00021874339869268184, -1.2528532297208243e-05, 4.5069489569955153e-07, 5.131961918412465e-08, -7.691579536660377e-09, -0.2582094139464419, 0.20038542263762663, -0.045403547797390635, 0.009299189394908413, -0.0006283953567115027, -0.00012911662717606613, 2.4499914225830646e-05, -1.138510551611466e-06], [0.002049721946190608, 0.003991209839168343, -0.0009463432086528434, 3.947062279819808e-05, 2.2727421969078333e-05, -2.743904150445914e-06, -1.5941870798346457e-07, 2.6893246667556735e-08, -0.053520136694416465, -0.045403547797390635, 0.04402420116314642, -0.012858826580164653, 0.0011767653403201433, 0.00012946607042671186, -3.188757335845824e-05, 1.6645122322732389e-06], [-0.0013042176803492597, -0.0010234103913796283, 0.0006369350120689906, -0.0001373095822460135, 3.3149699411588167e-06, 2.233788013868757e-06, -2.1972559760608864e-07, 2.951730851059139e-09, 0.0004123832408385457, 0.009299189394908413, -0.012858826580164653, 0.004926551924323786, -0.0006245490362998851, -3.651638151478243e-05, 1.472434686746355e-05, -9.117287764049915e-07], [0.00015650992102801085, 0.00011186070200495653, -0.00011576273185359776, 3.90019635950298e-05, -3.46672315354542e-06, -5.016778062066131e-07, 1.0626777588349144e-07, -4.936062428236692e-09, 0.0006544386166365836, -0.0006283953567115027, 0.0011767653403201433, -0.0006245490362998851, 0.00010910646515521622, 2.069451108941221e-06, -2.3549176933366027e-06, 1.722206458804062e-07], [-1.2218301460753313e-05, 4.1312647840157295e-07, 3.3833444699132355e-06, -2.4643136222501288e-06, 4.5493933910154777e-07, 1.542130325157324e-08, -1.1153536180604853e-08, 7.7482337077167e-10, -1.182170674784834e-05, -0.00012911662717606613, 0.00012946607042671186, -3.651638151478243e-05, 2.069451108941221e-06, 5.347941472453943e-07, -7.076102838529341e-08, 1.6981598143908912e-09], [7.384690688955975e-07, -1.2498602246256092e-06, 1.0885727428803572e-06, -3.2430115580279736e-07, 1.248645100993802e-08, 6.536419397704598e-09, -7.369982316317565e-10, 1.1865878141176452e-11, -6.42019152982926e-06, 2.4499914225830646e-05, -3.188757335845824e-05, 1.472434686746355e-05, -2.3549176933366027e-06, -7.076102838529341e-08, 5.288978526226241e-08, -3.700379297816749e-09], [-7.202457639867032e-08, 7.962041280452822e-08, -8.459378264778099e-08, 3.482393453465753e-08, -3.5178343358097304e-09, -5.493598567425659e-10, 1.2293646208892727e-10, -5.8839671262268235e-12, 4.3730152191005034e-07, -1.138510551611466e-06, 1.6645122322732389e-06, -9.117287764049915e-07, 1.722206458804062e-07, 1.6981598143908912e-09, -3.700379297816749e-09, 2.8386035615962933e-10]]], "B_list": [{"B_diag": [1.882506354239373], "B_by_diag": [0.014871701639882723]}, {"B_diag": [0.05798744313104756], "B_by_diag": [0.0011541437250513554]}, {"B_diag": [0.0062788705228254355], "B_by_diag": [-0.00010556031951464621]}, {"B_diag": [0.0012112394415322945], "B_by_diag": [-2.1030275543241022e-05]}, {"B_diag": [0.0003411594173463952], "B_by_diag": [-2.8636977520865906e-06]}, {"B_diag": [0.00012649344258076347], "B_by_diag": [-2.5189716773994214e-06]}, {"B_diag": [7.370387692981196e-05], "B_by_diag": [1.7371415287257604e-06]}, {"B_diag": [6.657081542950333e-05], "B_by_diag": [-1.4572738419648022e-06]}], "bic_scores": [231.48390494441801, 44.52346377251202, -57.31599993684669, -117.30124226387422, -146.91102812094988, -148.95028491392594, -120.0039419004051, -61.92056183226907], "best_bic": -148.95028491392594, "best_bic_A": [[40.62603573707588, -0.1919882168654094, -0.035539319061860586, -0.002393271864978352, 0.0008529460349880784, -4.769598876180589e-05, -1.5426470570494974, 0.049158351217539205, -0.0038416302544243275, 0.0006378113416636993, -0.00012061177194561297, 7.504855487911388e-06], [-0.1919882168654094, 0.21605358121689505, -0.06269378472444806, 0.013811976390547544, -0.001546674871000399, 6.524861903362197e-05, -0.05073153150174451, -0.00044465136537238334, 0.0035891863729152853, -0.0009957176784865464, 0.00013364877258362754, -7.026007178321647e-06], [-0.035539319061860586, -0.06269378472444806, 0.053200272037199216, -0.015282799419949842, 0.0019273227158303893, -9.029168588359723e-05, -0.0032898916045366886, -0.003091310083521739, -0.00012040044949343173, 0.0004197357084166687, -9.232792915039059e-05, 6.016778220304961e-06], [-0.002393271864978352, 0.013811976390547544, -0.015282799419949842, 0.005273861786223255, -0.0007545627010730538, 3.902645798251622e-05, 0.0010952284912097688, 0.0009737996780377459, -0.0004119260198732319, 4.754680697686303e-06, 1.463206584473108e-05, -1.4061532312201452e-06], [0.0008529460349880784, -0.001546674871000399, 0.0019273227158303893, -0.0007545627010730538, 0.00011817467732601381, -6.540925839616069e-06, -9.733693138675043e-05, -0.00014937424110171023, 0.00010000251726606925, -1.6927119560117404e-05, 1.0038896795221011e-07, 1.0255056154799347e-07], [-4.769598876180589e-05, 6.524861903362197e-05, -9.029168588359723e-05, 3.902645798251622e-05, -6.540925839616069e-06, 3.802259454355155e-07, 2.8426583948925965e-06, 8.876415503675506e-06, -6.942566358187685e-06, 1.6022080208782677e-06, -1.1091768326317266e-07, -1.8652060408454143e-10], [-1.5426470570494974, -0.05073153150174451, -0.0032898916045366886, 0.0010952284912097688, -9.733693138675043e-05, 2.8426583948925965e-06, 38.980824109575394, -0.2651635726339829, -0.050739057211648564, 0.0002972404052388744, 0.000614205273585848, -3.664014607265712e-05], [0.049158351217539205, -0.00044465136537238334, -0.003091310083521739, 0.0009737996780377459, -0.00014937424110171023, 8.876415503675506e-06, -0.2651635726339829, 0.23772583955981474, -0.06689589912259356, 0.014597546407215325, -0.001628230871574535, 6.820187769971549e-05], [-0.0038416302544243275, 0.0035891863729152853, -0.00012040044949343173, -0.0004119260198732319, 0.00010000251726606925, -6.942566358187685e-06, -0.050739057211648564, -0.06689589912259356, 0.056450914902544724, -0.016138121974163377, 0.0020301458421771042, -9.486336645502921e-05], [0.0006378113416636993, -0.0009957176784865464, 0.0004197357084166687, 4.754680697686303e-06, -1.6927119560117404e-05, 1.6022080208782677e-06, 0.0002972404052388744, 0.014597546407215325, -0.016138121974163377, 0.005550623918056661, -0.0007932575468254444, 4.0965919923080127e-05], [-0.00012061177194561297, 0.00013364877258362754, -9.232792915039059e-05, 1.463206584473108e-05, 1.0038896795221011e-07, -1.1091768326317266e-07, 0.000614205273585848, -0.001628230871574535, 0.0020301458421771042, -0.0007932575468254444, 0.00012428167398217873, -6.875764344434691e-06], [7.504855487911388e-06, -7.026007178321647e-06, 6.016778220304961e-06, -1.4061532312201452e-06, 1.0255056154799347e-07, -1.8652060408454143e-10, -3.664014607265712e-05, 6.820187769971549e-05, -9.486336645502921e-05, 4.0965919923080127e-05, -6.875764344434691e-06, 3.9971663547912467e-07]], "best_bic_B": {"B_diag": [0.00012649344258076347], "B_by_diag": [-2.5189716773994214e-06]}, "best_bic_deg": 6, "best_bic_deg_idx": 5, "aic_scores": [226.20672028398474, 31.85822058747215, -81.59104937483977, -157.40784568316712, -207.07093324988926, -233.3852394808584, -232.93569363367726, -207.57085846022756], "best_aic": -233.3852394808584, "best_aic_A": [[40.62603573707588, -0.1919882168654094, -0.035539319061860586, -0.002393271864978352, 0.0008529460349880784, -4.769598876180589e-05, -1.5426470570494974, 0.049158351217539205, -0.0038416302544243275, 0.0006378113416636993, -0.00012061177194561297, 7.504855487911388e-06], [-0.1919882168654094, 0.21605358121689505, -0.06269378472444806, 0.013811976390547544, -0.001546674871000399, 6.524861903362197e-05, -0.05073153150174451, -0.00044465136537238334, 0.0035891863729152853, -0.0009957176784865464, 0.00013364877258362754, -7.026007178321647e-06], [-0.035539319061860586, -0.06269378472444806, 0.053200272037199216, -0.015282799419949842, 0.0019273227158303893, -9.029168588359723e-05, -0.0032898916045366886, -0.003091310083521739, -0.00012040044949343173, 0.0004197357084166687, -9.232792915039059e-05, 6.016778220304961e-06], [-0.002393271864978352, 0.013811976390547544, -0.015282799419949842, 0.005273861786223255, -0.0007545627010730538, 3.902645798251622e-05, 0.0010952284912097688, 0.0009737996780377459, -0.0004119260198732319, 4.754680697686303e-06, 1.463206584473108e-05, -1.4061532312201452e-06], [0.0008529460349880784, -0.001546674871000399, 0.0019273227158303893, -0.0007545627010730538, 0.00011817467732601381, -6.540925839616069e-06, -9.733693138675043e-05, -0.00014937424110171023, 0.00010000251726606925, -1.6927119560117404e-05, 1.0038896795221011e-07, 1.0255056154799347e-07], [-4.769598876180589e-05, 6.524861903362197e-05, -9.029168588359723e-05, 3.902645798251622e-05, -6.540925839616069e-06, 3.802259454355155e-07, 2.8426583948925965e-06, 8.876415503675506e-06, -6.942566358187685e-06, 1.6022080208782677e-06, -1.1091768326317266e-07, -1.8652060408454143e-10], [-1.5426470570494974, -0.05073153150174451, -0.0032898916045366886, 0.0010952284912097688, -9.733693138675043e-05, 2.8426583948925965e-06, 38.980824109575394, -0.2651635726339829, -0.050739057211648564, 0.0002972404052388744, 0.000614205273585848, -3.664014607265712e-05], [0.049158351217539205, -0.00044465136537238334, -0.003091310083521739, 0.0009737996780377459, -0.00014937424110171023, 8.876415503675506e-06, -0.2651635726339829, 0.23772583955981474, -0.06689589912259356, 0.014597546407215325, -0.001628230871574535, 6.820187769971549e-05], [-0.0038416302544243275, 0.0035891863729152853, -0.00012040044949343173, -0.0004119260198732319, 0.00010000251726606925, -6.942566358187685e-06, -0.050739057211648564, -0.06689589912259356, 0.056450914902544724, -0.016138121974163377, 0.0020301458421771042, -9.486336645502921e-05], [0.0006378113416636993, -0.0009957176784865464, 0.0004197357084166687, 4.754680697686303e-06, -1.6927119560117404e-05, 1.6022080208782677e-06, 0.0002972404052388744, 0.014597546407215325, -0.016138121974163377, 0.005550623918056661, -0.0007932575468254444, 4.0965919923080127e-05], [-0.00012061177194561297, 0.00013364877258362754, -9.232792915039059e-05, 1.463206584473108e-05, 1.0038896795221011e-07, -1.1091768326317266e-07, 0.000614205273585848, -0.001628230871574535, 0.0020301458421771042, -0.0007932575468254444, 0.00012428167398217873, -6.875764344434691e-06], [7.504855487911388e-06, -7.026007178321647e-06, 6.016778220304961e-06, -1.4061532312201452e-06, 1.0255056154799347e-07, -1.8652060408454143e-10, -3.664014607265712e-05, 6.820187769971549e-05, -9.486336645502921e-05, 4.0965919923080127e-05, -6.875764344434691e-06, 3.9971663547912467e-07]], "best_aic_B": {"B_diag": [0.00012649344258076347], "B_by_diag": [-2.5189716773994214e-06]}, "best_aic_deg": 6, "best_aic_deg_idx": 5, "lr": 0.005, "optimizer": null, "epochs": 100, "best_epochs": [92, 63, 70, 98, 96, 99, 99, 99], "batch_size": 1024}