{"degree": [1, 2, 3, 4, 5, 6, 7, 8], "losses": [320.6073549086825, 99.3103720053313, -30.657017589147344, -120.34756473584913, -185.23816023024673, -220.16974877686945, -232.30968654248343, -235.22941056285433], "A_list": [[[7.908421712208743, -0.26040751816800217], [-0.26040751816800217, 8.642389341767833]], [[9.355549443863408, -0.08779737882883551, -0.41020624751358953, 0.039732799567454624], [-0.08779737882883551, 0.019137053339335554, -0.04207529602740598, 0.00025925637593521197], [-0.41020624751358953, -0.04207529602740598, 10.985243563263582, -0.08535914921171409], [0.039732799567454624, 0.00025925637593521197, -0.08535914921171409, 0.020005331741839463]], [[9.21693007006826, -0.13153479483838074, 0.002883568528831106, -0.41898414136512885, 0.05194966313406271, -0.0019044720367239916], [-0.13153479483838074, 0.07047464124448817, -0.004001118953269062, -0.05490785682037714, 0.0011049494596148599, 0.000237773227714073], [0.002883568528831106, -0.004001118953269062, 0.000311224478306316, 0.0017001161519759687, -0.00031247639558567637, 8.494656173150501e-07], [-0.41898414136512885, -0.05490785682037714, 0.0017001161519759687, 10.739289331655096, -0.10460731098311352, 0.00098443014922733], [0.05194966313406271, 0.0011049494596148599, -0.00031247639558567637, -0.10460731098311352, 0.07055529644274797, -0.00398487566098887], [-0.0019044720367239916, 0.000237773227714073, 8.494656173150501e-07, 0.00098443014922733, -0.00398487566098887, 0.0003128600436934421]], [[9.05834691607572, -0.12283829811771309, 0.005736207574426232, -0.00014626264741275297, -0.4319497397719098, 0.034776216063688414, 0.000466241731361738, -9.338094377185803e-05], [-0.12283829811771309, 0.12320554819245691, -0.017233375741825225, 0.0007754650972428215, -0.030876107485387178, 0.0002139348645722117, 0.001044216548095589, -7.649117651221139e-05], [0.005736207574426232, -0.017233375741825225, 0.003454325176646788, -0.00018452232321419177, -0.0015164779585990801, -0.001054465839710341, 2.1379409592423248e-05, 4.175300053581068e-06], [-0.00014626264741275297, 0.0007754650972428215, -0.00018452232321419177, 1.0826613310050467e-05, 0.0001340657352682623, 7.65991948438963e-05, -7.3437326936390326e-06, 1.161487934338797e-07], [-0.4319497397719098, -0.030876107485387178, -0.0015164779585990801, 0.0001340657352682623, 10.609920621161663, -0.10356311853312918, 0.0051549310289203485, -0.0002079462745276654], [0.034776216063688414, 0.0002139348645722117, -0.001054465839710341, 7.65991948438963e-05, -0.10356311853312918, 0.12723920219464793, -0.017854344077616942, 0.0008041827242624141], [0.000466241731361738, 0.001044216548095589, 2.1379409592423248e-05, -7.3437326936390326e-06, 0.0051549310289203485, -0.017854344077616942, 0.0035585588100237376, -0.0001888270647279973], [-9.338094377185803e-05, -7.649117651221139e-05, 4.175300053581068e-06, 1.161487934338797e-07, -0.0002079462745276654, 0.0008041827242624141, -0.0001888270647279973, 1.096516790627699e-05]], [[8.962804485367005, -0.09462270704076316, 0.006621904392427399, -0.0006013995233971977, 1.7584112100492622e-05, -0.43057842312807737, 0.03018356561311659, 0.0013108305441748747, -8.346430864853396e-05, -5.204832323761528e-06], [-0.09462270704076316, 0.12817323563250066, -0.025077225703625312, 0.0021080012807699116, -6.301030885749798e-05, -0.027077755294313003, 6.671087397778305e-05, 0.0008319806589920686, -9.646133545337117e-05, 3.590777443005171e-06], [0.006621904392427399, -0.025077225703625312, 0.00801482420642627, -0.0009110273823877487, 3.5382565137370726e-05, -0.0015850311673142714, -0.0011396988676824658, 0.00011459872831829404, 5.665521657667713e-06, -7.938567452663809e-07], [-0.0006013995233971977, 0.0021080012807699116, -0.0009110273823877487, 0.00012610109201064408, -5.6493053556334226e-06, -4.139971690034267e-06, 0.00015296937935466834, -3.663093720666575e-05, 2.0034458683315517e-06, 5.9685229823566144e-09], [1.7584112100492622e-05, -6.301030885749798e-05, 3.5382565137370726e-05, -5.6493053556334226e-06, 2.7727495957291364e-07, 1.064293758373611e-05, -6.3817387291102215e-06, 2.0973905585945314e-06, -1.729972625002522e-07, 3.504150729121586e-09], [-0.43057842312807737, -0.027077755294313003, -0.0015850311673142714, -4.139971690034267e-06, 1.064293758373611e-05, 10.508526100240001, -0.07148567268507923, 0.00495414281177732, -0.0005828064486092354, 1.606130163673221e-05], [0.03018356561311659, 6.671087397778305e-05, -0.0011396988676824658, 0.00015296937935466834, -6.3817387291102215e-06, -0.07148567268507923, 0.12763246217880495, -0.024340716358919358, 0.001995093034318004, -5.80902361447955e-05], [0.0013108305441748747, 0.0008319806589920686, 0.00011459872831829404, -3.663093720666575e-05, 2.0973905585945314e-06, 0.00495414281177732, -0.024340716358919358, 0.0076739580707548116, -0.0008640313611256843, 3.338612915717942e-05], [-8.346430864853396e-05, -9.646133545337117e-05, 5.665521657667713e-06, 2.0034458683315517e-06, -1.729972625002522e-07, -0.0005828064486092354, 0.001995093034318004, -0.0008640313611256843, 0.00012004489288229099, -5.402665583873789e-06], [-5.204832323761528e-06, 3.590777443005171e-06, -7.938567452663809e-07, 5.9685229823566144e-09, 3.504150729121586e-09, 1.606130163673221e-05, -5.80902361447955e-05, 3.338612915717942e-05, -5.402665583873789e-06, 2.675245185688433e-07]], [[8.917671447111388, -0.062450291772558474, 0.0017257207945848324, -0.00044397804896530196, 1.344096564837462e-05, 1.2402275027018795e-06, -0.4291794953915621, 0.03123826744371322, 0.001503642648118582, -5.7339628932507136e-05, -2.0065353072488098e-05, 1.0933278084458411e-06], [-0.062450291772558474, 0.10974615522894579, -0.022367292341746014, 0.0018154639679136876, -1.3389731222956027e-05, -3.4154477006734824e-06, -0.028209830840984964, 0.00043202907069079285, 0.0005992108315779836, -8.947863639619837e-05, 7.758959131152014e-06, -3.2917769293513505e-07], [0.0017257207945848324, -0.022367292341746014, 0.007957801027531596, -0.000987443919332576, 4.217502871460627e-05, -5.299013803954657e-08, -0.0014998450600468614, -0.0012554495267667978, 0.00017056201618975114, 1.342386046396511e-05, -3.928817783651084e-06, 1.9685223028520606e-07], [-0.00044397804896530196, 0.0018154639679136876, -0.000987443919332576, 0.00018929862334518953, -1.539825058569964e-05, 4.5171166067684386e-07, -3.6979332222590366e-05, 0.00021753959691680032, -6.104846313619563e-05, 2.6053216537104683e-06, 5.233771030951243e-07, -3.876172020638108e-08], [1.344096564837462e-05, -1.3389731222956027e-05, 4.217502871460627e-05, -1.539825058569964e-05, 1.9320855732240535e-06, -8.082593155529193e-08, 2.0948341609776772e-05, -1.7450608646525243e-05, 6.220982896211921e-06, -5.976357342540337e-07, -1.4568539119495964e-08, 2.7587709960678674e-09], [1.2402275027018795e-06, -3.4154477006734824e-06, -5.299013803954657e-08, 4.5171166067684386e-07, -8.082593155529193e-08, 4.0026147169563646e-09, -7.700915804823407e-07, 5.905504684337033e-07, -2.1823695261926881e-07, 2.9634530579345257e-08, -6.309254334469579e-10, -5.856341304015939e-11], [-0.4291794953915621, -0.028209830840984964, -0.0014998450600468614, -3.6979332222590366e-05, 2.0948341609776772e-05, -7.700915804823407e-07, 10.457154236774855, -0.039690239248577015, 0.00015276556465301184, -0.00043095704214937653, 1.1495824714458711e-05, 1.2465147438302516e-06], [0.03123826744371322, 0.00043202907069079285, -0.0012554495267667978, 0.00021753959691680032, -1.7450608646525243e-05, 5.905504684337033e-07, -0.039690239248577015, 0.11009098898602208, -0.022079657592812486, 0.0017831261050989947, -1.379112640019547e-05, -3.3053649631273885e-06], [0.001503642648118582, 0.0005992108315779836, 0.00017056201618975114, -6.104846313619563e-05, 6.220982896211921e-06, -2.1823695261926881e-07, 0.00015276556465301184, -0.022079657592812486, 0.007824134098908935, -0.0009725566696130544, 4.1922960140176555e-05, -7.133055218899569e-08], [-5.7339628932507136e-05, -8.947863639619837e-05, 1.342386046396511e-05, 2.6053216537104683e-06, -5.976357342540337e-07, 2.9634530579345257e-08, -0.00043095704214937653, 0.0017831261050989947, -0.0009725566696130544, 0.00018707738417048146, -1.5243396733094349e-05, 4.467724048001382e-07], [-2.0065353072488098e-05, 7.758959131152014e-06, -3.928817783651084e-06, 5.233771030951243e-07, -1.4568539119495964e-08, -6.309254334469579e-10, 1.1495824714458711e-05, -1.379112640019547e-05, 4.1922960140176555e-05, -1.5243396733094349e-05, 1.9090538446032894e-06, -7.980448621702284e-08], [1.0933278084458411e-06, -3.2917769293513505e-07, 1.9685223028520606e-07, -3.876172020638108e-08, 2.7587709960678674e-09, -5.856341304015939e-11, 1.2465147438302516e-06, -3.3053649631273885e-06, -7.133055218899569e-08, 4.467724048001382e-07, -7.980448621702284e-08, 3.958537258065579e-09]], [[8.91081251184075, -0.0601567473783066, 0.0006065053523982651, -0.00019097275890697435, -4.9738607156452214e-05, 1.0022069979989815e-05, -4.3006198911482854e-07, -0.43068674836796333, 0.026608785388497824, 0.0024596106443293166, -0.0001436370457240484, -1.8220642921945164e-06, -2.6093040076390702e-06, 1.9995110300888272e-07], [-0.0601567473783066, 0.11675561449239391, -0.02443496682610126, 0.0016973405536861539, 9.896163789213522e-05, -1.8020422660584842e-05, 5.99128300157101e-07, -0.02648227078211467, 0.00017410091674713342, 0.000692566854775208, -7.426518314050724e-05, 2.8818500562609793e-06, -1.1452954502745764e-07, 9.202581716114246e-09], [0.0006065053523982651, -0.02443496682610126, 0.00879407466779824, -0.0009373393677230623, -2.0814879635003598e-05, 9.171741888578161e-06, -4.0992827923928704e-07, -0.0019436337183846729, -0.0011573501833387434, 0.00015054098940326836, 7.913761304937686e-06, -2.7367797802986436e-06, 1.7962086981151055e-07, -4.371921484662537e-09], [-0.00019097275890697435, 0.0016973405536861539, -0.0009373393677230623, 0.00014657134212183473, -7.999123771210189e-07, -1.4263835920833288e-06, 8.146439603960876e-08, 7.544801558783329e-06, 0.00013421314421590243, -4.202792392239567e-05, 2.236328388111095e-06, 4.337425477058804e-07, -5.26441361514723e-08, 1.6283935057570967e-09], [-4.9738607156452214e-05, 9.896163789213522e-05, -2.0814879635003598e-05, -7.999123771210189e-07, 2.902380217720879e-07, 7.846732351260225e-09, -1.8415274248174362e-09, 4.363341835790609e-06, 2.4240487031972534e-06, 1.1216459110134466e-06, -3.133958561549357e-07, 6.187958866973762e-09, 2.8635232264676503e-09, -1.6829974775100686e-10], [1.0022069979989815e-05, -1.8020422660584842e-05, 9.171741888578161e-06, -1.4263835920833288e-06, 7.846732351260225e-09, 1.4018510416911513e-08, -8.022570895548185e-10, 2.431449034196673e-06, -1.291378324238344e-06, 3.2447931448266516e-07, -6.1375305058436705e-09, -4.960902727096239e-09, 3.750992775053774e-10, -3.686401671545108e-12], [-4.3006198911482854e-07, 5.99128300157101e-07, -4.0992827923928704e-07, 8.146439603960876e-08, -1.8415274248174362e-09, -8.022570895548185e-10, 5.3073266566491226e-11, -1.864998697239125e-07, 6.394851497986274e-08, -2.0552746307730786e-08, 1.4392772628930373e-09, 2.4731571745114095e-10, -3.1109720102034825e-11, 7.887412690028836e-13], [-0.43068674836796333, -0.02648227078211467, -0.0019436337183846729, 7.544801558783329e-06, 4.363341835790609e-06, 2.431449034196673e-06, -1.864998697239125e-07, 10.468563388699287, -0.044570143856431606, 0.001370746979464673, -0.00048159570209847113, -1.444799349995813e-05, 5.550271964509634e-06, -1.9861626322704828e-07], [0.026608785388497824, 0.00017410091674713342, -0.0011573501833387434, 0.00013421314421590243, 2.4240487031972534e-06, -1.291378324238344e-06, 6.394851497986274e-08, -0.044570143856431606, 0.11699989247699355, -0.023915650202558855, 0.0016244782871624648, 9.395093387632127e-05, -1.6517535674566104e-05, 5.224705481103118e-07], [0.0024596106443293166, 0.000692566854775208, 0.00015054098940326836, -4.202792392239567e-05, 1.1216459110134466e-06, 3.2447931448266516e-07, -2.0552746307730786e-08, 0.001370746979464673, -0.023915650202558855, 0.008504540745962923, -0.0009001782376725144, -1.9046665771347917e-05, 8.540745962857533e-06, -3.7740994588174346e-07], [-0.0001436370457240484, -7.426518314050724e-05, 7.913761304937686e-06, 2.236328388111095e-06, -3.133958561549357e-07, -6.1375305058436705e-09, 1.4392772628930373e-09, -0.00048159570209847113, 0.0016244782871624648, -0.0009001782376725144, 0.00014104090897271005, -8.503479548612813e-07, -1.3548142146720055e-06, 7.733016789826093e-08], [-1.8220642921945164e-06, 2.8818500562609793e-06, -2.7367797802986436e-06, 4.337425477058804e-07, 6.187958866973762e-09, -4.960902727096239e-09, 2.4731571745114095e-10, -1.444799349995813e-05, 9.395093387632127e-05, -1.9046665771347917e-05, -8.503479548612813e-07, 2.645520637801212e-07, 9.994337182915306e-09, -1.8748304155030455e-09], [-2.6093040076390702e-06, -1.1452954502745764e-07, 1.7962086981151055e-07, -5.26441361514723e-08, 2.8635232264676503e-09, 3.750992775053774e-10, -3.1109720102034825e-11, 5.550271964509634e-06, -1.6517535674566104e-05, 8.540745962857533e-06, -1.3548142146720055e-06, 9.994337182915306e-09, 1.3152251407260343e-08, -7.613585649688233e-10], [1.9995110300888272e-07, 9.202581716114246e-09, -4.371921484662537e-09, 1.6283935057570967e-09, -1.6829974775100686e-10, -3.686401671545108e-12, 7.887412690028836e-13, -1.9861626322704828e-07, 5.224705481103118e-07, -3.7740994588174346e-07, 7.733016789826093e-08, -1.8748304155030455e-09, -7.613585649688233e-10, 5.1022188163374897e-11]], [[8.888695732951643, -0.03951667522797754, -0.004228934771118756, 0.00018889196335837113, -4.5515751556388555e-05, 3.988054774125264e-06, 7.285708339508966e-07, -6.837420685877433e-08, -0.4412094988145949, 0.03553347689567962, 2.7058927515919615e-06, 0.00013704088590661654, -2.7250625017246497e-05, 6.474843978546975e-07, 1.2581840214862743e-08, 1.0460404842860163e-10], [-0.03951667522797754, 0.09008146843360419, -0.01650220751132956, 0.0006662340990887839, 0.00014286010834411983, -7.164376631705516e-06, -1.5432889156325403e-06, 1.1164485588518906e-07, -0.029438387695646197, 0.0001578905395477035, 0.0005294363684221596, -5.658200602629266e-05, 6.823676740791429e-06, -1.1316604783270646e-07, -1.1655115309818664e-07, 8.391718206844257e-09], [-0.004228934771118756, -0.01650220751132956, 0.006151056266578881, -0.0005318607263261446, -4.030596345453311e-05, 4.137272561190823e-06, 5.244042863688115e-07, -4.563421898850858e-08, -0.0010082240031927723, -0.0010829211837198168, 0.00016149133974276895, 1.4301695125286419e-05, -4.848930520448519e-06, 4.3072458677756705e-08, 5.730889193211141e-08, -3.4954718752777055e-09], [0.00018889196335837113, 0.0006662340990887839, -0.0005318607263261446, 8.294928197184654e-05, 9.589556551596767e-07, -5.882021090926172e-07, -3.444343774004318e-08, 4.780665440007411e-09, -5.9474744952428134e-05, 0.00011913058092963632, -4.3051931257209644e-05, 1.4071420963307626e-06, 6.825102264828942e-07, -2.145728793434977e-08, -8.390794638716694e-09, 5.50355986767375e-10], [-4.5515751556388555e-05, 0.00014286010834411983, -4.030596345453311e-05, 9.589556551596767e-07, 5.403591307341677e-07, -1.4409655699979449e-08, -5.386686168510276e-09, 3.083430640894201e-10, 7.198136915107449e-06, -9.789872960684898e-07, 2.4396515759050097e-06, -4.823694429141993e-07, 5.291053726667489e-09, 2.8788042097674704e-09, 5.511417287264828e-11, -1.5397922019289954e-11], [3.988054774125264e-06, -7.164376631705516e-06, 4.137272561190823e-06, -5.882021090926172e-07, -1.4409655699979449e-08, 4.467019503231818e-09, 3.3372140800954065e-10, -4.007461868200008e-11, 1.4447265615851543e-06, -4.222600595439404e-07, 1.5353382108417098e-07, 3.6757544245472923e-09, -4.1331467232089775e-09, 5.280101275272481e-11, 4.989770102151062e-11, -2.9468754491661307e-12], [7.285708339508966e-07, -1.5432889156325403e-06, 5.244042863688115e-07, -3.444343774004318e-08, -5.386686168510276e-09, 3.3372140800954065e-10, 6.316180906585451e-11, -4.6073882124443535e-12, -6.093737893405696e-08, 2.193053126320367e-08, -2.3241082135654777e-08, 5.143581625840244e-09, -1.6970501115613427e-10, -3.043311507626901e-11, 7.989231145788334e-13, 9.567460931328462e-14], [-6.837420685877433e-08, 1.1164485588518906e-07, -4.563421898850858e-08, 4.780665440007411e-09, 3.083430640894201e-10, -4.007461868200008e-11, -4.6073882124443535e-12, 4.3149917226976943e-13, -3.71968753516579e-09, -6.297349208826296e-10, 8.296949820976982e-10, -2.9303169003027254e-10, 2.6162609059591048e-11, 1.4242311391871228e-12, -2.6318510109011733e-13, 7.846883332640159e-15], [-0.4412094988145949, -0.029438387695646197, -0.0010082240031927723, -5.9474744952428134e-05, 7.198136915107449e-06, 1.4447265615851543e-06, -6.093737893405696e-08, -3.71968753516579e-09, 10.43495093464166, -0.013569123331068404, -0.006287624403226784, 0.00021201165715687136, -4.606714108054045e-05, 4.19856263135857e-06, 7.809819066531959e-07, -7.386433346539747e-08], [0.03553347689567962, 0.0001578905395477035, -0.0010829211837198168, 0.00011913058092963632, -9.789872960684898e-07, -4.222600595439404e-07, 2.193053126320367e-08, -6.297349208826296e-10, -0.013569123331068404, 0.09545565292016557, -0.01752170597175162, 0.0006827663757310249, 0.00015069320558200747, -7.227022206796915e-06, -1.5954872750967071e-06, 1.1324892965870476e-07], [2.7058927515919615e-06, 0.0005294363684221596, 0.00016149133974276895, -4.3051931257209644e-05, 2.4396515759050097e-06, 1.5353382108417098e-07, -2.3241082135654777e-08, 8.296949820976982e-10, -0.006287624403226784, -0.01752170597175162, 0.006350689339883673, -0.0005249331484187072, -4.344552548446135e-05, 4.093931696969158e-06, 5.575785838363244e-07, -4.703592248015414e-08], [0.00013704088590661654, -5.658200602629266e-05, 1.4301695125286419e-05, 1.4071420963307626e-06, -4.823694429141993e-07, 3.6757544245472923e-09, 5.143581625840244e-09, -2.9303169003027254e-10, 0.00021201165715687136, 0.0006827663757310249, -0.0005249331484187072, 7.819154714850409e-05, 1.5564849995379817e-06, -5.744820693017631e-07, -4.062288339601907e-08, 5.052114097868556e-09], [-2.7250625017246497e-05, 6.823676740791429e-06, -4.848930520448519e-06, 6.825102264828942e-07, 5.291053726667489e-09, -4.1331467232089775e-09, -1.6970501115613427e-10, 2.6162609059591048e-11, -4.606714108054045e-05, 0.00015069320558200747, -4.344552548446135e-05, 1.5564849995379817e-06, 5.056236204013262e-07, -1.612293944099593e-08, -5.202632924986573e-09, 3.0686176858523695e-10], [6.474843978546975e-07, -1.1316604783270646e-07, 4.3072458677756705e-08, -2.145728793434977e-08, 2.8788042097674704e-09, 5.280101275272481e-11, -3.043311507626901e-11, 1.4242311391871228e-12, 4.19856263135857e-06, -7.227022206796915e-06, 4.093931696969158e-06, -5.744820693017631e-07, -1.612293944099593e-08, 4.423639618574131e-09, 3.5769330638421833e-10, -4.1325940460660176e-11], [1.2581840214862743e-08, -1.1655115309818664e-07, 5.730889193211141e-08, -8.390794638716694e-09, 5.511417287264828e-11, 4.989770102151062e-11, 7.989231145788334e-13, -2.6318510109011733e-13, 7.809819066531959e-07, -1.5954872750967071e-06, 5.575785838363244e-07, -4.062288339601907e-08, -5.202632924986573e-09, 3.5769330638421833e-10, 6.374260430083497e-11, -4.760730391426739e-12], [1.0460404842860163e-10, 8.391718206844257e-09, -3.4954718752777055e-09, 5.50355986767375e-10, -1.5397922019289954e-11, -2.9468754491661307e-12, 9.567460931328462e-14, 7.846883332640159e-15, -7.386433346539747e-08, 1.1324892965870476e-07, -4.703592248015414e-08, 5.052114097868556e-09, 3.0686176858523695e-10, -4.1325940460660176e-11, -4.760730391426739e-12, 4.4717340457461706e-13]]], "B_list": [{"B_d": [[0.44370173028582505], [9.669921415084094e-06], [4.004841667236549e-07]], "B_theta": [8.489943039583999e-07], "B_const": [1.5779345563617284]}, {"B_d": [[0.010101286384503581], [3.800611989603078e-07], [4.561627422521412e-08]], "B_theta": [1.0536680219944287e-07], "B_const": [0.13878581576398383]}, {"B_d": [[1.7412911364201484e-05], [5.642293949803913e-08], [8.741367969723595e-09]], "B_theta": [1.0799004725490334e-07], "B_const": [0.03154979809174748]}, {"B_d": [[4.475738250139205e-06], [8.1163117161425e-08], [2.840683179605565e-09]], "B_theta": [4.6917047817301734e-08], "B_const": [0.01076229005691902]}, {"B_d": [[5.4615913731946315e-06], [2.963531305834097e-09], [3.617213594325383e-09]], "B_theta": [1.1502181516099058e-08], "B_const": [0.0047703362004495415]}, {"B_d": [[0.00015650673052280406], [4.216286008183068e-08], [6.204024779555806e-09]], "B_theta": [5.425877995093964e-09], "B_const": [0.0026885857932482057]}, {"B_d": [[0.00019209393786185809], [7.821399105327655e-08], [7.818520820792586e-09]], "B_theta": [7.4215471393060426e-09], "B_const": [0.0025190713257399852]}, {"B_d": [[0.00020371377925849641], [4.125838128450635e-08], [1.0471315799760926e-08]], "B_theta": [7.411076511828551e-09], "B_const": [0.0024436693411517777]}], "bic_scores": [338.6507929347499, 133.14181830420767, 27.984155995571705, -27.87494485225372, -49.912375034741245, -32.9690792564202, 15.787586315943315, 82.78618464658356], "best_bic": -49.912375034741245, "best_bic_A": [[8.962804485367005, -0.09462270704076316, 0.006621904392427399, -0.0006013995233971977, 1.7584112100492622e-05, -0.43057842312807737, 0.03018356561311659, 0.0013108305441748747, -8.346430864853396e-05, -5.204832323761528e-06], [-0.09462270704076316, 0.12817323563250066, -0.025077225703625312, 0.0021080012807699116, -6.301030885749798e-05, -0.027077755294313003, 6.671087397778305e-05, 0.0008319806589920686, -9.646133545337117e-05, 3.590777443005171e-06], [0.006621904392427399, -0.025077225703625312, 0.00801482420642627, -0.0009110273823877487, 3.5382565137370726e-05, -0.0015850311673142714, -0.0011396988676824658, 0.00011459872831829404, 5.665521657667713e-06, -7.938567452663809e-07], [-0.0006013995233971977, 0.0021080012807699116, -0.0009110273823877487, 0.00012610109201064408, -5.6493053556334226e-06, -4.139971690034267e-06, 0.00015296937935466834, -3.663093720666575e-05, 2.0034458683315517e-06, 5.9685229823566144e-09], [1.7584112100492622e-05, -6.301030885749798e-05, 3.5382565137370726e-05, -5.6493053556334226e-06, 2.7727495957291364e-07, 1.064293758373611e-05, -6.3817387291102215e-06, 2.0973905585945314e-06, -1.729972625002522e-07, 3.504150729121586e-09], [-0.43057842312807737, -0.027077755294313003, -0.0015850311673142714, -4.139971690034267e-06, 1.064293758373611e-05, 10.508526100240001, -0.07148567268507923, 0.00495414281177732, -0.0005828064486092354, 1.606130163673221e-05], [0.03018356561311659, 6.671087397778305e-05, -0.0011396988676824658, 0.00015296937935466834, -6.3817387291102215e-06, -0.07148567268507923, 0.12763246217880495, -0.024340716358919358, 0.001995093034318004, -5.80902361447955e-05], [0.0013108305441748747, 0.0008319806589920686, 0.00011459872831829404, -3.663093720666575e-05, 2.0973905585945314e-06, 0.00495414281177732, -0.024340716358919358, 0.0076739580707548116, -0.0008640313611256843, 3.338612915717942e-05], [-8.346430864853396e-05, -9.646133545337117e-05, 5.665521657667713e-06, 2.0034458683315517e-06, -1.729972625002522e-07, -0.0005828064486092354, 0.001995093034318004, -0.0008640313611256843, 0.00012004489288229099, -5.402665583873789e-06], [-5.204832323761528e-06, 3.590777443005171e-06, -7.938567452663809e-07, 5.9685229823566144e-09, 3.504150729121586e-09, 1.606130163673221e-05, -5.80902361447955e-05, 3.338612915717942e-05, -5.402665583873789e-06, 2.675245185688433e-07]], "best_bic_B": {"B_d": [[5.4615913731946315e-06], [2.963531305834097e-09], [3.617213594325383e-09]], "B_theta": [1.1502181516099058e-08], "B_const": [0.0047703362004495415]}, "best_bic_deg": 5, "best_bic_deg_idx": 4, "aic_scores": [328.6073549086825, 114.3103720053313, -4.657017589147344, -79.34756473584913, -125.23816023024673, -137.16974877686945, -122.30968654248343, -94.22941056285433], "best_aic": -137.16974877686945, "best_aic_A": [[8.917671447111388, -0.062450291772558474, 0.0017257207945848324, -0.00044397804896530196, 1.344096564837462e-05, 1.2402275027018795e-06, -0.4291794953915621, 0.03123826744371322, 0.001503642648118582, -5.7339628932507136e-05, -2.0065353072488098e-05, 1.0933278084458411e-06], [-0.062450291772558474, 0.10974615522894579, -0.022367292341746014, 0.0018154639679136876, -1.3389731222956027e-05, -3.4154477006734824e-06, -0.028209830840984964, 0.00043202907069079285, 0.0005992108315779836, -8.947863639619837e-05, 7.758959131152014e-06, -3.2917769293513505e-07], [0.0017257207945848324, -0.022367292341746014, 0.007957801027531596, -0.000987443919332576, 4.217502871460627e-05, -5.299013803954657e-08, -0.0014998450600468614, -0.0012554495267667978, 0.00017056201618975114, 1.342386046396511e-05, -3.928817783651084e-06, 1.9685223028520606e-07], [-0.00044397804896530196, 0.0018154639679136876, -0.000987443919332576, 0.00018929862334518953, -1.539825058569964e-05, 4.5171166067684386e-07, -3.6979332222590366e-05, 0.00021753959691680032, -6.104846313619563e-05, 2.6053216537104683e-06, 5.233771030951243e-07, -3.876172020638108e-08], [1.344096564837462e-05, -1.3389731222956027e-05, 4.217502871460627e-05, -1.539825058569964e-05, 1.9320855732240535e-06, -8.082593155529193e-08, 2.0948341609776772e-05, -1.7450608646525243e-05, 6.220982896211921e-06, -5.976357342540337e-07, -1.4568539119495964e-08, 2.7587709960678674e-09], [1.2402275027018795e-06, -3.4154477006734824e-06, -5.299013803954657e-08, 4.5171166067684386e-07, -8.082593155529193e-08, 4.0026147169563646e-09, -7.700915804823407e-07, 5.905504684337033e-07, -2.1823695261926881e-07, 2.9634530579345257e-08, -6.309254334469579e-10, -5.856341304015939e-11], [-0.4291794953915621, -0.028209830840984964, -0.0014998450600468614, -3.6979332222590366e-05, 2.0948341609776772e-05, -7.700915804823407e-07, 10.457154236774855, -0.039690239248577015, 0.00015276556465301184, -0.00043095704214937653, 1.1495824714458711e-05, 1.2465147438302516e-06], [0.03123826744371322, 0.00043202907069079285, -0.0012554495267667978, 0.00021753959691680032, -1.7450608646525243e-05, 5.905504684337033e-07, -0.039690239248577015, 0.11009098898602208, -0.022079657592812486, 0.0017831261050989947, -1.379112640019547e-05, -3.3053649631273885e-06], [0.001503642648118582, 0.0005992108315779836, 0.00017056201618975114, -6.104846313619563e-05, 6.220982896211921e-06, -2.1823695261926881e-07, 0.00015276556465301184, -0.022079657592812486, 0.007824134098908935, -0.0009725566696130544, 4.1922960140176555e-05, -7.133055218899569e-08], [-5.7339628932507136e-05, -8.947863639619837e-05, 1.342386046396511e-05, 2.6053216537104683e-06, -5.976357342540337e-07, 2.9634530579345257e-08, -0.00043095704214937653, 0.0017831261050989947, -0.0009725566696130544, 0.00018707738417048146, -1.5243396733094349e-05, 4.467724048001382e-07], [-2.0065353072488098e-05, 7.758959131152014e-06, -3.928817783651084e-06, 5.233771030951243e-07, -1.4568539119495964e-08, -6.309254334469579e-10, 1.1495824714458711e-05, -1.379112640019547e-05, 4.1922960140176555e-05, -1.5243396733094349e-05, 1.9090538446032894e-06, -7.980448621702284e-08], [1.0933278084458411e-06, -3.2917769293513505e-07, 1.9685223028520606e-07, -3.876172020638108e-08, 2.7587709960678674e-09, -5.856341304015939e-11, 1.2465147438302516e-06, -3.3053649631273885e-06, -7.133055218899569e-08, 4.467724048001382e-07, -7.980448621702284e-08, 3.958537258065579e-09]], "best_aic_B": {"B_d": [[0.00015650673052280406], [4.216286008183068e-08], [6.204024779555806e-09]], "B_theta": [5.425877995093964e-09], "B_const": [0.0026885857932482057]}, "best_aic_deg": 6, "best_aic_deg_idx": 5, "lr": [{"class_name": "PiecewiseConstantDecay", "config": {"boundaries": [4050], "values": [0.005, 0.005], "name": null}}, {"class_name": "PiecewiseConstantDecay", "config": {"boundaries": [4050], "values": [0.005, 0.005], "name": null}}, {"class_name": "PiecewiseConstantDecay", "config": {"boundaries": [4050], "values": [0.005, 0.005], "name": null}}, {"class_name": "PiecewiseConstantDecay", "config": {"boundaries": [4050], "values": [0.005, 0.005], "name": null}}, {"class_name": "PiecewiseConstantDecay", "config": {"boundaries": [4050], "values": [0.005, 0.005], "name": null}}, {"class_name": "PiecewiseConstantDecay", "config": {"boundaries": [4050], "values": [0.005, 0.005], "name": null}}, {"class_name": "PiecewiseConstantDecay", "config": {"boundaries": [4050], "values": [0.005, 0.005], "name": null}}, {"class_name": "PiecewiseConstantDecay", "config": {"boundaries": [4050], "values": [0.005, 0.005], "name": null}}], "optimizer": [{"class_name": "Adam", "config": {"name": "Adam", "learning_rate": 0.005, "decay": 0.0, "beta_1": 0.9, "beta_2": 0.999, "epsilon": 1e-07, "amsgrad": false}}, {"class_name": "Adam", "config": {"name": "Adam", "learning_rate": 0.005, "decay": 0.0, "beta_1": 0.9, "beta_2": 0.999, "epsilon": 1e-07, "amsgrad": false}}, {"class_name": "Adam", "config": {"name": "Adam", "learning_rate": 0.005, "decay": 0.0, "beta_1": 0.9, "beta_2": 0.999, "epsilon": 1e-07, "amsgrad": false}}, {"class_name": "Adam", "config": {"name": "Adam", "learning_rate": 0.005, "decay": 0.0, "beta_1": 0.9, "beta_2": 0.999, "epsilon": 1e-07, "amsgrad": false}}, {"class_name": "Adam", "config": {"name": "Adam", "learning_rate": 0.005, "decay": 0.0, "beta_1": 0.9, "beta_2": 0.999, "epsilon": 1e-07, "amsgrad": false}}, {"class_name": "Adam", "config": {"name": "Adam", "learning_rate": 0.005, "decay": 0.0, "beta_1": 0.9, "beta_2": 0.999, "epsilon": 1e-07, "amsgrad": false}}, {"class_name": "Adam", "config": {"name": "Adam", "learning_rate": 0.005, "decay": 0.0, "beta_1": 0.9, "beta_2": 0.999, "epsilon": 1e-07, "amsgrad": false}}, {"class_name": "Adam", "config": {"name": "Adam", "learning_rate": 0.005, "decay": 0.0, "beta_1": 0.9, "beta_2": 0.999, "epsilon": 1e-07, "amsgrad": false}}], "epochs": 120, "best_epochs": [119, 119, 119, 119, 119, 119, 119, 119], "batch_size": 256}