{"degree": [1, 2, 3, 4, 5, 6, 7, 8], "losses": [97.09007091531231, -69.77071874191573, -177.27847787637597, -252.61567883138528, -307.62827497325554, -342.14338703431866, -346.5017167742816, -350.98328471217513], "A_list": [[[0.9065979139393398, -0.004341449975987335], [-0.004341449975987335, 0.9401234914293011]], [[0.9932623174187204, -0.015414793461345784, -0.003326982392959353, 0.001193654056956183], [-0.015414793461345784, 0.002816152713079091, -0.0009105668966196992, -1.4622535808380435e-05], [-0.003326982392959353, -0.0009105668966196992, 1.0286013892438308, -0.016125664891773445], [0.001193654056956183, -1.4622535808380435e-05, -0.016125664891773445, 0.0029635743161759587]], [[0.9778291254286205, -0.026024796508295117, 0.000787119452891326, -0.00537626387025506, 0.0015996702766313685, -4.13884426597389e-05], [-0.026024796508295117, 0.014179208319653937, -0.0009775732543083413, -0.0007809134459424941, -0.00011698982540516255, 1.0870906321684688e-05], [0.000787119452891326, -0.0009775732543083413, 8.395453400925212e-05, 5.147263931041132e-06, -4.107007017017446e-06, 8.945909531512588e-08], [-0.00537626387025506, -0.0007809134459424941, 5.147263931041132e-06, 1.0058144548282388, -0.02562367749235667, 0.0007060383177898763], [0.0015996702766313685, -0.00011698982540516255, -4.107007017017446e-06, -0.02562367749235667, 0.014736290527618363, -0.0010163919553490925], [-4.13884426597389e-05, 1.0870906321684688e-05, 8.945909531512588e-08, 0.0007060383177898763, -0.0010163919553490925, 8.718255769819976e-05]], [[0.9599015758035485, -0.03242920910486269, 0.0028515861660868805, -0.00012378171854001598, -0.004089020666077525, 0.0016513856085683687, -8.715524476921695e-05, 5.819237297757765e-06], [-0.03242920910486269, 0.03363219819890724, -0.0057207162228795445, 0.000303655367735722, -0.0003150412248727821, -0.0003405295126129841, 9.716567554856767e-05, -6.443453870553554e-06], [0.0028515861660868805, -0.0057207162228795445, 0.0012275811362715214, -7.33763539641619e-05, -5.759312307377457e-05, 2.973081016281227e-05, -1.3023607245893008e-05, 9.986755846314123e-07], [-0.00012378171854001598, 0.000303655367735722, -7.33763539641619e-05, 4.700581798188711e-06, 1.9505980906024315e-06, -2.0406454426092067e-06, 7.800483023687757e-07, -6.053261037324522e-08], [-0.004089020666077525, -0.0003150412248727821, -5.759312307377457e-05, 1.9505980906024315e-06, 0.9885081076051988, -0.03182036544391278, 0.002772256276786843, -0.00012074940260826459], [0.0016513856085683687, -0.0003405295126129841, 2.973081016281227e-05, -2.0406454426092067e-06, -0.03182036544391278, 0.034123716093559436, -0.005772020830058321, 0.00030468000116716645], [-8.715524476921695e-05, 9.716567554856767e-05, -1.3023607245893008e-05, 7.800483023687757e-07, 0.002772256276786843, -0.005772020830058321, 0.0012386999289499144, -7.405287248824466e-05], [5.819237297757765e-06, -6.443453870553554e-06, 9.986755846314123e-07, -6.053261037324522e-08, -0.00012074940260826459, 0.00030468000116716645, -7.405287248824466e-05, 4.760283475091983e-06]], [[0.9414104725618251, -0.02860214550093282, 0.003923625284362026, -0.00037840171860322613, 1.1778185841390269e-05, -0.003024309092675384, 0.0009205905024427563, 0.00016298701130160819, -3.1068298974585074e-05, 2.2947417574939943e-06], [-0.02860214550093282, 0.043993918365410584, -0.01209831263295787, 0.001375247008677835, -5.591835272644132e-05, -0.00051657415267053, -8.532958618524039e-05, -1.8383673542904597e-06, 7.6887333723546e-06, -6.943556380219685e-07], [0.003923625284362026, -0.01209831263295787, 0.004509427865866669, -0.0006090892232007198, 2.8035504020063677e-05, 2.1084880434316265e-06, -2.2568991028795084e-05, 1.2378550360816e-05, -2.5978879056592616e-06, 1.6798236259674751e-07], [-0.00037840171860322613, 0.001375247008677835, -0.0006090892232007198, 9.153583352276045e-05, -4.538444688877946e-06, -5.169454192815745e-06, 6.510122497806641e-06, -3.0106274153419473e-06, 4.5677862404407565e-07, -2.310028139861565e-08], [1.1778185841390269e-05, -5.591835272644132e-05, 2.8035504020063677e-05, -4.538444688877946e-06, 2.3672253013308397e-07, 5.417420632032825e-07, -4.1555642429777925e-07, 1.746345640935432e-07, -2.3781734862777763e-08, 1.058630955135422e-09], [-0.003024309092675384, -0.00051657415267053, 2.1084880434316265e-06, -5.169454192815745e-06, 5.417420632032825e-07, 0.9725331831319138, -0.029585472305198656, 0.004500882064737712, -0.00047138109313914336, 1.7152564873045367e-05], [0.0009205905024427563, -8.532958618524039e-05, -2.2568991028795084e-05, 6.510122497806641e-06, -4.1555642429777925e-07, -0.029585472305198656, 0.0452893937629848, -0.0125114663387836, 0.0014304783853008505, -5.8561681724394096e-05], [0.00016298701130160819, -1.8383673542904597e-06, 1.2378550360816e-05, -3.0106274153419473e-06, 1.746345640935432e-07, 0.004500882064737712, -0.0125114663387836, 0.004684072922211597, -0.0006339791670003824, 2.9224140568664076e-05], [-3.1068298974585074e-05, 7.6887333723546e-06, -2.5978879056592616e-06, 4.5677862404407565e-07, -2.3781734862777763e-08, -0.00047138109313914336, 0.0014304783853008505, -0.0006339791670003824, 9.518268684668632e-05, -4.715622961692211e-06], [2.2947417574939943e-06, -6.943556380219685e-07, 1.6798236259674751e-07, -2.310028139861565e-08, 1.058630955135422e-09, 1.7152564873045367e-05, -5.8561681724394096e-05, 2.9224140568664076e-05, -4.715622961692211e-06, 2.454740896089395e-07]], [[0.9295839107667442, -0.01986102353651473, 0.0024597481931805834, -0.00032067798548730163, 1.1528918082399531e-05, 3.723301989548678e-07, -0.004097850737857611, 0.0010470304488959094, 5.839538869078765e-05, -2.6753438701138547e-05, 4.19835473201874e-06, -1.8385148216385175e-07], [-0.01986102353651473, 0.03796109383374337, -0.011098042959672061, 0.0013212737746807765, -5.0729769065645824e-05, -5.891352485151679e-07, -0.0003951034713303077, -0.0011469312482139911, 0.00048774634395756556, -7.192288189880472e-05, 4.054567055599519e-06, -5.05946832160382e-08], [0.0024597481931805834, -0.011098042959672061, 0.004769337504601083, -0.0007896572750117995, 5.5092549819886384e-05, -1.26092942478569e-06, -0.0001328868416780607, 0.0004583060030341647, -0.00022876502313519848, 4.329519245350081e-05, -3.554031006081772e-06, 1.0507585371639048e-07], [-0.00032067798548730163, 0.0013212737746807765, -0.0007896572750117995, 0.00017831613415889374, -1.7624159659988473e-05, 6.433456139465918e-07, 2.618044712119654e-05, -7.398940797104302e-05, 4.326839015934331e-05, -9.954201104944546e-06, 1.0110962323096429e-06, -3.7978914050547304e-08], [1.1528918082399531e-05, -5.0729769065645824e-05, 5.5092549819886384e-05, -1.7624159659988473e-05, 2.233548284436841e-06, -9.918237812958943e-08, -2.259765660002577e-06, 5.1645950468474096e-06, -3.7697234819472493e-06, 1.0311632294007873e-06, -1.2023869730811293e-07, 5.061515436590657e-09], [3.723301989548678e-07, -5.891352485151679e-07, -1.26092942478569e-06, 6.433456139465918e-07, -9.918237812958943e-08, 4.936144304795405e-09, 7.59554568008373e-08, -1.2270862452373395e-07, 1.2388807541059082e-07, -3.985012609067242e-08, 5.127565377422251e-09, -2.3081822385353345e-10], [-0.004097850737857611, -0.0003951034713303077, -0.0001328868416780607, 2.618044712119654e-05, -2.259765660002577e-06, 7.59554568008373e-08, 0.9603177340640288, -0.02094653314631218, 0.0030368813094197927, -0.0004175260030757781, 1.6126835655932457e-05, 4.5182933525865555e-07], [0.0010470304488959094, -0.0011469312482139911, 0.0004583060030341647, -7.398940797104302e-05, 5.1645950468474096e-06, -1.2270862452373395e-07, -0.02094653314631218, 0.03999633289813842, -0.01190319355890788, 0.0014663686152804264, -6.296520789663673e-05, -2.1854481391363765e-07], [5.839538869078765e-05, 0.00048774634395756556, -0.00022876502313519848, 4.326839015934331e-05, -3.7697234819472493e-06, 1.2388807541059082e-07, 0.0030368813094197927, -0.01190319355890788, 0.005202439146146063, -0.0008832515416912751, 6.429099241488136e-05, -1.5944271359538874e-06], [-2.6753438701138547e-05, -7.192288189880472e-05, 4.329519245350081e-05, -9.954201104944546e-06, 1.0311632294007873e-06, -3.985012609067242e-08, -0.0004175260030757781, 0.0014663686152804264, -0.0008832515416912751, 0.00020182985720548655, -2.0228538618216895e-05, 7.48283073580143e-07], [4.19835473201874e-06, 4.054567055599519e-06, -3.554031006081772e-06, 1.0110962323096429e-06, -1.2023869730811293e-07, 5.127565377422251e-09, 1.6126835655932457e-05, -6.296520789663673e-05, 6.429099241488136e-05, -2.0228538618216895e-05, 2.5467608251262634e-06, -1.1262540870052129e-07], [-1.8385148216385175e-07, -5.05946832160382e-08, 1.0507585371639048e-07, -3.7978914050547304e-08, 5.061515436590657e-09, -2.3081822385353345e-10, 4.5182933525865555e-07, -2.1854481391363765e-07, -1.5944271359538874e-06, 7.48283073580143e-07, -1.1262540870052129e-07, 5.539336038819151e-09]], [[0.9284353099640674, -0.018056740902256365, 0.0017037094315988795, -0.00012585944886402915, -2.6489324605313437e-05, 4.941206035849726e-06, -2.1990596635495725e-07, -0.002319054715517121, 0.0005277444363259091, 0.00024922158804559095, -4.559049177244333e-05, 2.6319196584219563e-06, 2.1771052447977971e-07, -1.75243391641687e-08], [-0.018056740902256365, 0.03673652904612031, -0.01043085160325869, 0.000984535277328777, 4.3360200510552774e-05, -1.260591192323352e-05, 5.567268712781809e-07, -0.00124158979246615, -0.0006700300411656484, 0.0002848356473751244, -2.6818137265655778e-05, -2.57395941505666e-06, 5.804373502577215e-07, -2.712222228489046e-08], [0.0017037094315988795, -0.01043085160325869, 0.004476872563603026, -0.000604060118284268, -5.54532049274228e-06, 6.971980731067138e-06, -3.895639163003702e-07, 0.0001430855044808696, 0.0002798750278385845, -0.00013666945465040268, 1.6273954760180497e-05, 1.1731506267681614e-06, -3.5247354991667906e-07, 1.8047274782410217e-08], [-0.00012585944886402915, 0.000984535277328777, -0.000604060118284268, 0.00010855749355142562, -1.5559738711658982e-06, -1.208897732591402e-06, 8.081025727403374e-08, -1.7033265721876575e-05, -4.589404168912493e-05, 2.381687498079417e-05, -3.282843542707102e-06, -1.6784873343464727e-07, 6.762735026715371e-08, -3.744233735610697e-09], [-2.6489324605313437e-05, 4.3360200510552774e-05, -5.54532049274228e-06, -1.5559738711658982e-06, 2.3274915249903503e-07, 1.3082811930941212e-08, -2.0896032757136845e-09, 2.406426364651902e-06, 2.067977475995882e-06, -1.2487436161103741e-06, 2.2546959210495476e-07, -2.644248979043912e-09, -2.768049449182811e-09, 1.8685402623331101e-10], [4.941206035849726e-06, -1.260591192323352e-05, 6.971980731067138e-06, -1.208897732591402e-06, 1.3082811930941212e-08, 1.3774279404643972e-08, -8.972914885406989e-10, -3.5692185766409295e-07, 2.0638328665400992e-07, -8.635356144512213e-08, 5.810242013121186e-09, 2.394497686013396e-09, -4.458242281835426e-10, 2.1042688362988052e-11], [-2.1990596635495725e-07, 5.567268712781809e-07, -3.895639163003702e-07, 8.081025727403374e-08, -2.0896032757136845e-09, -8.972914885406989e-10, 6.56571595309666e-11, 2.3919840020740896e-08, -1.7855903702649038e-08, 8.485161204913813e-09, -9.77673666270505e-10, -1.3726519265717225e-10, 3.5399384549986575e-11, -1.8533223826895786e-12], [-0.002319054715517121, -0.00124158979246615, 0.0001430855044808696, -1.7033265721876575e-05, 2.406426364651902e-06, -3.5692185766409295e-07, 2.3919840020740896e-08, 0.9587164858688736, -0.019137625639933747, 0.0021575730565891447, -0.00017868143158370641, -2.6858243197004218e-05, 5.1431708597954e-06, -2.0734078951450659e-07], [0.0005277444363259091, -0.0006700300411656484, 0.0002798750278385845, -4.589404168912493e-05, 2.067977475995882e-06, 2.0638328665400992e-07, -1.7855903702649038e-08, -0.019137625639933747, 0.038155762264921685, -0.011008459500769277, 0.0010768607176675753, 4.315856515679662e-05, -1.3847834743773152e-05, 6.366516500478572e-07], [0.00024922158804559095, 0.0002848356473751244, -0.00013666945465040268, 2.381687498079417e-05, -1.2487436161103741e-06, -8.635356144512213e-08, 8.485161204913813e-09, 0.0021575730565891447, -0.011008459500769277, 0.004778018421160685, -0.0006542437647323633, -5.25426121309423e-06, 7.594251269065178e-06, -4.2946742603198606e-07], [-4.559049177244333e-05, -2.6818137265655778e-05, 1.6273954760180497e-05, -3.282843542707102e-06, 2.2546959210495476e-07, 5.810242013121186e-09, -9.77673666270505e-10, -0.00017868143158370641, 0.0010768607176675753, -0.0006542437647323633, 0.0001173669161126303, -1.680267853017709e-06, -1.3090649018601371e-06, 8.749599505393836e-08], [2.6319196584219563e-06, -2.57395941505666e-06, 1.1731506267681614e-06, -1.6784873343464727e-07, -2.644248979043912e-09, 2.394497686013396e-09, -1.3726519265717225e-10, -2.6858243197004218e-05, 4.315856515679662e-05, -5.25426121309423e-06, -1.680267853017709e-06, 2.445027543411253e-07, 1.3647646950560928e-08, -2.1764550866409254e-09], [2.1771052447977971e-07, 5.804373502577215e-07, -3.5247354991667906e-07, 6.762735026715371e-08, -2.768049449182811e-09, -4.458242281835426e-10, 3.5399384549986575e-11, 5.1431708597954e-06, -1.3847834743773152e-05, 7.594251269065178e-06, -1.3090649018601371e-06, 1.3647646950560928e-08, 1.4938710422247515e-08, -9.700652081019699e-10], [-1.75243391641687e-08, -2.712222228489046e-08, 1.8047274782410217e-08, -3.744233735610697e-09, 1.8685402623331101e-10, 2.1042688362988052e-11, -1.8533223826895786e-12, -2.0734078951450659e-07, 6.366516500478572e-07, -4.2946742603198606e-07, 8.749599505393836e-08, -2.1764550866409254e-09, -9.700652081019699e-10, 7.042180758089127e-11]], [[0.9250911268469889, -0.014050030743283239, 0.0006611320765431859, -3.743168389917044e-05, -2.1190511437689053e-05, 1.6781488633813393e-06, 3.5247372289204685e-07, -3.3826299967669193e-08, -0.0031424806662538954, 0.0005729080507922531, 0.00023065201691811236, -3.506335624207187e-05, 6.318244666205829e-07, 1.5773151259553352e-07, 3.165073180217814e-08, -3.024670967792716e-09], [-0.014050030743283239, 0.031088408299854625, -0.008818996771150299, 0.0007415099420553445, 5.764961566212188e-05, -6.4795887144004095e-06, -8.790476665828098e-07, 8.49758291843043e-08, -0.000844179556400886, -0.0008244103106961017, 0.0003528379780787922, -4.2756481552994226e-05, -5.419073707816783e-07, 2.827368676127321e-07, 1.075967109580419e-08, -1.908898940555983e-09], [0.0006611320765431859, -0.008818996771150299, 0.003861176118293154, -0.00046711339192430265, -1.491421482734535e-05, 3.6928820307094562e-06, 3.119699086531164e-07, -3.82196075673106e-08, -1.6387953506761175e-05, 0.000339383357703889, -0.00016450936104955868, 2.391349275781959e-05, -1.6229537725255386e-07, -1.5431334623938943e-07, -1.518850376556325e-09, 8.065008141479941e-10], [-3.743168389917044e-05, 0.0007415099420553445, -0.00046711339192430265, 7.954858173014958e-05, -8.55301154694849e-07, -5.737249002297852e-07, -1.0921620266183318e-08, 3.93348119219865e-09, 1.104962036846864e-05, -5.2086155184704275e-05, 2.6783466444359483e-05, -4.753548549812416e-06, 1.8765927920908855e-07, 2.526624693142754e-08, -1.6350394959859245e-09, -2.3683661271421e-11], [-2.1190511437689053e-05, 5.764961566212188e-05, -1.491421482734535e-05, -8.55301154694849e-07, 4.991924300256586e-07, -6.232732269165855e-09, -6.762884447493438e-09, 4.2460996505149985e-10, -8.790198870586625e-07, 1.3859122581404568e-06, -8.826145263671952e-07, 2.7574200420825864e-07, -3.327047327132268e-08, -3.319158123222395e-10, 3.793447079947464e-10, -2.1124235361750596e-11], [1.6781488633813393e-06, -6.4795887144004095e-06, 3.6928820307094562e-06, -5.737249002297852e-07, -6.232732269165855e-09, 4.689863618950263e-09, 2.829105353978249e-10, -4.48043893707697e-11, -1.6720039493861e-07, 2.5615609803220045e-07, -1.3239378904699536e-07, 2.2911937433257528e-08, -5.472692504010707e-10, -1.5263420810304537e-10, 2.647983048824076e-12, 6.306209518362944e-13], [3.5247372289204685e-07, -8.790476665828098e-07, 3.119699086531164e-07, -1.0921620266183318e-08, -6.762884447493438e-09, 2.829105353978249e-10, 1.0245544015595439e-10, -7.701230257015824e-12, 3.811693787155955e-08, -4.402426103385232e-09, 4.93143315353344e-09, -3.115852186804143e-09, 5.237204482337542e-10, -2.5096114428170474e-12, -6.268615799717345e-12, 3.883357002521496e-13], [-3.3826299967669193e-08, 8.49758291843043e-08, -3.82196075673106e-08, 3.93348119219865e-09, 4.2460996505149985e-10, -4.48043893707697e-11, -7.701230257015824e-12, 7.305348643088671e-13, -1.6127724685939218e-09, -1.1490455088813914e-09, 4.377959508853363e-10, 7.265231798119247e-11, -3.110482641581983e-11, 9.929810197672357e-13, 4.047811926974447e-13, -2.964937684622722e-14], [-0.0031424806662538954, -0.000844179556400886, -1.6387953506761175e-05, 1.104962036846864e-05, -8.790198870586625e-07, -1.6720039493861e-07, 3.811693787155955e-08, -1.6127724685939218e-09, 0.9544505040250237, -0.014421219307371157, 0.0007967346287721177, -5.056767095055261e-05, -2.325999317748282e-05, 1.6413477283489695e-06, 4.0280766300713433e-07, -3.574520314053611e-08], [0.0005729080507922531, -0.0008244103106961017, 0.000339383357703889, -5.2086155184704275e-05, 1.3859122581404568e-06, 2.5615609803220045e-07, -4.402426103385232e-09, -1.1490455088813914e-09, -0.014421219307371157, 0.03178065280228021, -0.008961059388537168, 0.0007592511105873898, 5.697072675745546e-05, -6.560860303620761e-06, -8.762340473095382e-07, 8.526668209005394e-08], [0.00023065201691811236, 0.0003528379780787922, -0.00016450936104955868, 2.6783466444359483e-05, -8.826145263671952e-07, -1.3239378904699536e-07, 4.93143315353344e-09, 4.377959508853363e-10, 0.0007967346287721177, -0.008961059388537168, 0.003916028954222585, -0.00047671994344308083, -1.435879081926665e-05, 3.7361183880390773e-06, 3.058634559654786e-07, -3.8044475277517364e-08], [-3.506335624207187e-05, -4.2756481552994226e-05, 2.391349275781959e-05, -4.753548549812416e-06, 2.7574200420825864e-07, 2.2911937433257528e-08, -3.115852186804143e-09, 7.265231798119247e-11, -5.056767095055261e-05, 0.0007592511105873898, -0.00047671994344308083, 8.202407823241217e-05, -1.0989203822138652e-06, -5.816729939381966e-07, -7.975099855739692e-09, 3.792028290757915e-09], [6.318244666205829e-07, -5.419073707816783e-07, -1.6229537725255386e-07, 1.8765927920908855e-07, -3.327047327132268e-08, -5.472692504010707e-10, 5.237204482337542e-10, -3.110482641581983e-11, -2.325999317748282e-05, 5.697072675745546e-05, -1.435879081926665e-05, -1.0989203822138652e-06, 5.383070813871791e-07, -6.43939577645845e-09, -7.227354371870721e-09, 4.539837809413255e-10], [1.5773151259553352e-07, 2.827368676127321e-07, -1.5431334623938943e-07, 2.526624693142754e-08, -3.319158123222395e-10, -1.5263420810304537e-10, -2.5096114428170474e-12, 9.929810197672357e-13, 1.6413477283489695e-06, -6.560860303620761e-06, 3.7361183880390773e-06, -5.816729939381966e-07, -6.43939577645845e-09, 4.786761773921139e-09, 2.872682785322724e-10, -4.5627758059272105e-11], [3.165073180217814e-08, 1.075967109580419e-08, -1.518850376556325e-09, -1.6350394959859245e-09, 3.793447079947464e-10, 2.647983048824076e-12, -6.268615799717345e-12, 4.047811926974447e-13, 4.0280766300713433e-07, -8.762340473095382e-07, 3.058634559654786e-07, -7.975099855739692e-09, -7.227354371870721e-09, 2.872682785322724e-10, 1.0746937250932751e-10, -8.026731656474998e-12], [-3.024670967792716e-09, -1.908898940555983e-09, 8.065008141479941e-10, -2.3683661271421e-11, -2.1124235361750596e-11, 6.306209518362944e-13, 3.883357002521496e-13, -2.964937684622722e-14, -3.574520314053611e-08, 8.526668209005394e-08, -3.8044475277517364e-08, 3.792028290757915e-09, 4.539837809413255e-10, -4.5627758059272105e-11, -8.026731656474998e-12, 7.552549635980284e-13]]], "B_list": [{"B_d": [[4.1265207605666804e-06], [3.455246203419441e-07], [2.4313601751215884e-07]], "B_theta": [1.7335204784076428e-07], "B_const": [0.17272541402487282]}, {"B_d": [[2.2971863310149487e-06], [1.984284556726531e-08], [3.562252608835282e-08]], "B_theta": [4.592948285884745e-08], "B_const": [0.01979471230471136]}, {"B_d": [[1.4930117476519418e-07], [5.010797451631046e-08], [1.0216902390862619e-08]], "B_theta": [1.3689667690718462e-08], "B_const": [0.004726089982640707]}, {"B_d": [[5.936827836680242e-08], [1.4891359486865683e-08], [4.652633334121346e-09]], "B_theta": [5.116032411912538e-09], "B_const": [0.0017083772649744801]}, {"B_d": [[8.498199042584992e-08], [2.386189130294086e-08], [1.9377981623579153e-09]], "B_theta": [3.047840035764393e-09], "B_const": [0.0008028491378018145]}, {"B_d": [[5.6599862379833e-08], [3.6190278654378523e-09], [2.13408249526144e-09]], "B_theta": [2.2331388053404224e-09], "B_const": [0.0004568581339314393]}, {"B_d": [[5.690979580262495e-09], [1.9450159404579682e-09], [2.2961909736627397e-09]], "B_theta": [2.1333727326189597e-09], "B_const": [0.0004505433059676291]}, {"B_d": [[8.957393832432266e-08], [1.8360851148693034e-08], [1.7412705276323043e-09]], "B_theta": [2.1316084483863615e-09], "B_const": [0.00040679073644403724]}], "bic_scores": [114.66786753400207, -36.81235008187244, -120.15063886563426, -162.52947116060028, -175.79480033308238, -159.77374711541245, -104.80701326729744, -41.17461930776818], "best_bic": -175.79480033308238, "best_bic_A": [[0.9414104725618251, -0.02860214550093282, 0.003923625284362026, -0.00037840171860322613, 1.1778185841390269e-05, -0.003024309092675384, 0.0009205905024427563, 0.00016298701130160819, -3.1068298974585074e-05, 2.2947417574939943e-06], [-0.02860214550093282, 0.043993918365410584, -0.01209831263295787, 0.001375247008677835, -5.591835272644132e-05, -0.00051657415267053, -8.532958618524039e-05, -1.8383673542904597e-06, 7.6887333723546e-06, -6.943556380219685e-07], [0.003923625284362026, -0.01209831263295787, 0.004509427865866669, -0.0006090892232007198, 2.8035504020063677e-05, 2.1084880434316265e-06, -2.2568991028795084e-05, 1.2378550360816e-05, -2.5978879056592616e-06, 1.6798236259674751e-07], [-0.00037840171860322613, 0.001375247008677835, -0.0006090892232007198, 9.153583352276045e-05, -4.538444688877946e-06, -5.169454192815745e-06, 6.510122497806641e-06, -3.0106274153419473e-06, 4.5677862404407565e-07, -2.310028139861565e-08], [1.1778185841390269e-05, -5.591835272644132e-05, 2.8035504020063677e-05, -4.538444688877946e-06, 2.3672253013308397e-07, 5.417420632032825e-07, -4.1555642429777925e-07, 1.746345640935432e-07, -2.3781734862777763e-08, 1.058630955135422e-09], [-0.003024309092675384, -0.00051657415267053, 2.1084880434316265e-06, -5.169454192815745e-06, 5.417420632032825e-07, 0.9725331831319138, -0.029585472305198656, 0.004500882064737712, -0.00047138109313914336, 1.7152564873045367e-05], [0.0009205905024427563, -8.532958618524039e-05, -2.2568991028795084e-05, 6.510122497806641e-06, -4.1555642429777925e-07, -0.029585472305198656, 0.0452893937629848, -0.0125114663387836, 0.0014304783853008505, -5.8561681724394096e-05], [0.00016298701130160819, -1.8383673542904597e-06, 1.2378550360816e-05, -3.0106274153419473e-06, 1.746345640935432e-07, 0.004500882064737712, -0.0125114663387836, 0.004684072922211597, -0.0006339791670003824, 2.9224140568664076e-05], [-3.1068298974585074e-05, 7.6887333723546e-06, -2.5978879056592616e-06, 4.5677862404407565e-07, -2.3781734862777763e-08, -0.00047138109313914336, 0.0014304783853008505, -0.0006339791670003824, 9.518268684668632e-05, -4.715622961692211e-06], [2.2947417574939943e-06, -6.943556380219685e-07, 1.6798236259674751e-07, -2.310028139861565e-08, 1.058630955135422e-09, 1.7152564873045367e-05, -5.8561681724394096e-05, 2.9224140568664076e-05, -4.715622961692211e-06, 2.454740896089395e-07]], "best_bic_B": {"B_d": [[8.498199042584992e-08], [2.386189130294086e-08], [1.9377981623579153e-09]], "B_theta": [3.047840035764393e-09], "B_const": [0.0008028491378018145]}, "best_bic_deg": 5, "best_bic_deg_idx": 4, "aic_scores": [105.09007091531231, -54.77071874191573, -151.27847787637597, -211.61567883138528, -247.62827497325554, -259.14338703431866, -236.5017167742816, -209.98328471217513], "best_aic": -259.14338703431866, "best_aic_A": [[0.9295839107667442, -0.01986102353651473, 0.0024597481931805834, -0.00032067798548730163, 1.1528918082399531e-05, 3.723301989548678e-07, -0.004097850737857611, 0.0010470304488959094, 5.839538869078765e-05, -2.6753438701138547e-05, 4.19835473201874e-06, -1.8385148216385175e-07], [-0.01986102353651473, 0.03796109383374337, -0.011098042959672061, 0.0013212737746807765, -5.0729769065645824e-05, -5.891352485151679e-07, -0.0003951034713303077, -0.0011469312482139911, 0.00048774634395756556, -7.192288189880472e-05, 4.054567055599519e-06, -5.05946832160382e-08], [0.0024597481931805834, -0.011098042959672061, 0.004769337504601083, -0.0007896572750117995, 5.5092549819886384e-05, -1.26092942478569e-06, -0.0001328868416780607, 0.0004583060030341647, -0.00022876502313519848, 4.329519245350081e-05, -3.554031006081772e-06, 1.0507585371639048e-07], [-0.00032067798548730163, 0.0013212737746807765, -0.0007896572750117995, 0.00017831613415889374, -1.7624159659988473e-05, 6.433456139465918e-07, 2.618044712119654e-05, -7.398940797104302e-05, 4.326839015934331e-05, -9.954201104944546e-06, 1.0110962323096429e-06, -3.7978914050547304e-08], [1.1528918082399531e-05, -5.0729769065645824e-05, 5.5092549819886384e-05, -1.7624159659988473e-05, 2.233548284436841e-06, -9.918237812958943e-08, -2.259765660002577e-06, 5.1645950468474096e-06, -3.7697234819472493e-06, 1.0311632294007873e-06, -1.2023869730811293e-07, 5.061515436590657e-09], [3.723301989548678e-07, -5.891352485151679e-07, -1.26092942478569e-06, 6.433456139465918e-07, -9.918237812958943e-08, 4.936144304795405e-09, 7.59554568008373e-08, -1.2270862452373395e-07, 1.2388807541059082e-07, -3.985012609067242e-08, 5.127565377422251e-09, -2.3081822385353345e-10], [-0.004097850737857611, -0.0003951034713303077, -0.0001328868416780607, 2.618044712119654e-05, -2.259765660002577e-06, 7.59554568008373e-08, 0.9603177340640288, -0.02094653314631218, 0.0030368813094197927, -0.0004175260030757781, 1.6126835655932457e-05, 4.5182933525865555e-07], [0.0010470304488959094, -0.0011469312482139911, 0.0004583060030341647, -7.398940797104302e-05, 5.1645950468474096e-06, -1.2270862452373395e-07, -0.02094653314631218, 0.03999633289813842, -0.01190319355890788, 0.0014663686152804264, -6.296520789663673e-05, -2.1854481391363765e-07], [5.839538869078765e-05, 0.00048774634395756556, -0.00022876502313519848, 4.326839015934331e-05, -3.7697234819472493e-06, 1.2388807541059082e-07, 0.0030368813094197927, -0.01190319355890788, 0.005202439146146063, -0.0008832515416912751, 6.429099241488136e-05, -1.5944271359538874e-06], [-2.6753438701138547e-05, -7.192288189880472e-05, 4.329519245350081e-05, -9.954201104944546e-06, 1.0311632294007873e-06, -3.985012609067242e-08, -0.0004175260030757781, 0.0014663686152804264, -0.0008832515416912751, 0.00020182985720548655, -2.0228538618216895e-05, 7.48283073580143e-07], [4.19835473201874e-06, 4.054567055599519e-06, -3.554031006081772e-06, 1.0110962323096429e-06, -1.2023869730811293e-07, 5.127565377422251e-09, 1.6126835655932457e-05, -6.296520789663673e-05, 6.429099241488136e-05, -2.0228538618216895e-05, 2.5467608251262634e-06, -1.1262540870052129e-07], [-1.8385148216385175e-07, -5.05946832160382e-08, 1.0507585371639048e-07, -3.7978914050547304e-08, 5.061515436590657e-09, -2.3081822385353345e-10, 4.5182933525865555e-07, -2.1854481391363765e-07, -1.5944271359538874e-06, 7.48283073580143e-07, -1.1262540870052129e-07, 5.539336038819151e-09]], "best_aic_B": {"B_d": [[5.6599862379833e-08], [3.6190278654378523e-09], [2.13408249526144e-09]], "B_theta": [2.2331388053404224e-09], "B_const": [0.0004568581339314393]}, "best_aic_deg": 6, "best_aic_deg_idx": 5, "lr": [{"class_name": "PiecewiseConstantDecay", "config": {"boundaries": [3780], "values": [0.005, 0.005], "name": null}}, {"class_name": "PiecewiseConstantDecay", "config": {"boundaries": [3780], "values": [0.005, 0.005], "name": null}}, {"class_name": "PiecewiseConstantDecay", "config": {"boundaries": [3780], "values": [0.005, 0.005], "name": null}}, {"class_name": "PiecewiseConstantDecay", "config": {"boundaries": [3780], "values": [0.005, 0.005], "name": null}}, {"class_name": "PiecewiseConstantDecay", "config": {"boundaries": [3780], "values": [0.005, 0.005], "name": null}}, {"class_name": "PiecewiseConstantDecay", "config": {"boundaries": [3780], "values": [0.005, 0.005], "name": null}}, {"class_name": "PiecewiseConstantDecay", "config": {"boundaries": [3780], "values": [0.005, 0.005], "name": null}}, {"class_name": "PiecewiseConstantDecay", "config": {"boundaries": [3780], "values": [0.005, 0.005], "name": null}}], "optimizer": [{"class_name": "Adam", "config": {"name": "Adam", "learning_rate": 0.005, "decay": 0.0, "beta_1": 0.9, "beta_2": 0.999, "epsilon": 1e-07, "amsgrad": false}}, {"class_name": "Adam", "config": {"name": "Adam", "learning_rate": 0.005, "decay": 0.0, "beta_1": 0.9, "beta_2": 0.999, "epsilon": 1e-07, "amsgrad": false}}, {"class_name": "Adam", "config": {"name": "Adam", "learning_rate": 0.005, "decay": 0.0, "beta_1": 0.9, "beta_2": 0.999, "epsilon": 1e-07, "amsgrad": false}}, {"class_name": "Adam", "config": {"name": "Adam", "learning_rate": 0.005, "decay": 0.0, "beta_1": 0.9, "beta_2": 0.999, "epsilon": 1e-07, "amsgrad": false}}, {"class_name": "Adam", "config": {"name": "Adam", "learning_rate": 0.005, "decay": 0.0, "beta_1": 0.9, "beta_2": 0.999, "epsilon": 1e-07, "amsgrad": false}}, {"class_name": "Adam", "config": {"name": "Adam", "learning_rate": 0.005, "decay": 0.0, "beta_1": 0.9, "beta_2": 0.999, "epsilon": 1e-07, "amsgrad": false}}, {"class_name": "Adam", "config": {"name": "Adam", "learning_rate": 0.005, "decay": 0.0, "beta_1": 0.9, "beta_2": 0.999, "epsilon": 1e-07, "amsgrad": false}}, {"class_name": "Adam", "config": {"name": "Adam", "learning_rate": 0.005, "decay": 0.0, "beta_1": 0.9, "beta_2": 0.999, "epsilon": 1e-07, "amsgrad": false}}], "epochs": 100, "best_epochs": [99, 99, 99, 99, 99, 99, 99, 99], "batch_size": 1024}