{"degree": [1, 2, 3, 4, 5, 6, 7, 8], "losses": [86.51452733011688, -46.139814938084875, -115.87840414788326, -153.60678133412216, -173.4596791675607, -174.80295114578635, -182.79248975137833, -184.0846389979174], "A_list": [[[8.458455314530315, -0.4329295352807855], [-0.4329295352807855, 9.664178887392719]], [[9.127340265939056, -0.059905582194989676, -0.24545813495920638, 0.045029701107254044], [-0.059905582194989676, 0.029785832992627388, -0.039022391323107995, 0.0001980459330447419], [-0.24545813495920638, -0.039022391323107995, 10.061338173065003, -0.05375812642649193], [0.045029701107254044, 0.0001980459330447419, -0.05375812642649193, 0.030720853663089263]], [[9.635351701759134, -0.04933260736712431, -0.003575054569920565, -0.4715182090676207, 0.06429604488802712, -0.00349768153639957], [-0.04933260736712431, 0.08913824158796638, -0.008298944720212592, -0.048253569362938425, 0.0008551635677931735, 0.0004826842622847776], [-0.003575054569920565, -0.008298944720212592, 0.001167315327001516, 0.001181702664604386, -0.0005867150304391701, 6.108166436793467e-06], [-0.4715182090676207, -0.048253569362938425, 0.001181702664604386, 11.138045684381408, -0.035818614917548904, -0.004382641219186467], [0.06429604488802712, 0.0008551635677931735, -0.0005867150304391701, -0.035818614917548904, 0.08976047112903342, -0.008316953775602334], [-0.00349768153639957, 0.0004826842622847776, 6.108166436793467e-06, -0.004382641219186467, -0.008316953775602334, 0.001178995264887038]], [[9.566615717067881, -0.035908633837036276, -0.0025085575214041263, -7.184811154196363e-05, -0.48259769535086405, 0.05562020817693488, -0.0004828141728110715, -0.0001961657790083145], [-0.035908633837036276, 0.15165136750604055, -0.036237168626390925, 0.002880181817615802, -0.035806177762210435, 0.0028761514243184263, 0.0009240555385846977, -0.0001236601711384837], [-0.0025085575214041263, -0.036237168626390925, 0.013010234327619002, -0.0012298391816235113, -0.0025580395099300446, -0.002479667837614543, 0.00024570689482985734, 8.645537634808224e-07], [-7.184811154196363e-05, 0.002880181817615802, -0.0012298391816235113, 0.00012777332413764275, 0.0003318329121966778, 0.0002500836550946026, -4.472617601487319e-05, 2.086084124150738e-06], [-0.48259769535086405, -0.035806177762210435, -0.0025580395099300446, 0.0003318329121966778, 11.097975965355987, -0.021293910745416134, -0.004056832654122169, 7.208150094173444e-05], [0.05562020817693488, 0.0028761514243184263, -0.002479667837614543, 0.0002500836550946026, -0.021293910745416134, 0.1522726604721135, -0.03651365261856287, 0.0029084730440121316], [-0.0004828141728110715, 0.0009240555385846977, 0.00024570689482985734, -4.472617601487319e-05, -0.004056832654122169, -0.03651365261856287, 0.013227681336953614, -0.00124955436970061], [-0.0001961657790083145, -0.0001236601711384837, 8.645537634808224e-07, 2.086084124150738e-06, 7.208150094173444e-05, 0.0029084730440121316, -0.00124955436970061, 0.000129590864834161]], [[9.541470906895809, -0.02260483309484894, 0.00030846398232529465, -0.0013658594874779487, 9.52706584551311e-05, -0.47651958239371217, 0.05003047181790565, 0.001658410542795534, -0.0005300206677115891, 2.755811234725492e-05], [-0.02260483309484894, 0.16555198677268176, -0.05952647534190941, 0.00984579509635363, -0.0006008692056488201, -0.03515896044789832, 0.002330151180729693, 0.0014032403851542113, -0.00039968375321073105, 3.3933275802201995e-05], [0.00030846398232529465, -0.05952647534190941, 0.035357016017607705, -0.007412918461180044, 0.0005317909217726911, -0.0022817635412267787, -0.002394862404575659, 0.00020067204196672336, 8.92579452201379e-05, -1.2280586265299151e-05], [-0.0013658594874779487, 0.00984579509635363, -0.007412918461180044, 0.0018079231289990227, -0.00014396786653932562, 1.743748715306859e-05, 0.0004909685866473043, -0.00016729712116171324, 1.3258128922524282e-05, 9.964938572852927e-08], [9.52706584551311e-05, -0.0006008692056488201, 0.0005317909217726911, -0.00014396786653932562, 1.2297732323620965e-05, 2.9890832330871794e-05, -3.638672279481043e-05, 1.7533844902219822e-05, -2.5723929805724326e-06, 1.286358219062729e-07], [-0.47651958239371217, -0.03515896044789832, -0.0022817635412267787, 1.743748715306859e-05, 2.9890832330871794e-05, 11.066826646310911, -0.012177058889376915, 0.0013438255423103313, -0.0019215611512070092, 0.00016135065441359698], [0.05003047181790565, 0.002330151180729693, -0.002394862404575659, 0.0004909685866473043, -3.638672279481043e-05, -0.012177058889376915, 0.17110121991500224, -0.06269084620838052, 0.01051878510661545, -0.0006486801607479924], [0.001658410542795534, 0.0014032403851542113, 0.00020067204196672336, -0.00016729712116171324, 1.7533844902219822e-05, 0.0013438255423103313, -0.06269084620838052, 0.037235397450107746, -0.007813379847301951, 0.0005593396349496746], [-0.0005300206677115891, -0.00039968375321073105, 8.92579452201379e-05, 1.3258128922524282e-05, -2.5723929805724326e-06, -0.0019215611512070092, 0.01051878510661545, -0.007813379847301951, 0.001897522623454134, -0.00015017908604874434], [2.755811234725492e-05, 3.3933275802201995e-05, -1.2280586265299151e-05, 9.964938572852927e-08, 1.286358219062729e-07, 0.00016135065441359698, -0.0006486801607479924, 0.0005593396349496746, -0.00015017908604874434, 1.2714423881059783e-05]], [[9.523989830149365, 0.0021012085071939173, -0.011291062378326335, 0.0014283337225014284, -0.0003447658327579329, 3.438012397495903e-05, -0.47880695779611615, 0.04431073352040929, 0.0037952284740783745, -0.0009867920106839067, 3.586485789559771e-05, 2.3463165019496496e-06], [0.0021012085071939173, 0.128449423428329, -0.035905202074278705, 0.0009008966713866195, 0.0012017445557513866, -0.0001404561090425436, -0.03748498199640924, 0.0025586404366256697, 0.0009379507346747814, -0.00028265267881317314, 4.1832099037721284e-05, -2.7955632745319155e-06], [-0.011291062378326335, -0.035905202074278705, 0.019226789745076422, -0.0018428575302181262, -0.0004482843731202526, 6.8436378857156e-05, -0.0009307350968390558, -0.002474257923627822, 0.0004229156757370881, 7.924616276330664e-05, -3.2209299128234304e-05, 2.910871724603726e-06], [0.0014283337225014284, 0.0009008966713866195, -0.0018428575302181262, 0.00046079563810417796, -6.9569880571516e-06, -4.616567113036775e-06, -0.00044455691488980864, 0.0006617842156250938, -0.0003317758054011704, 3.879833880911158e-05, 4.393476577087433e-06, -8.672738325903271e-07], [-0.0003447658327579329, 0.0012017445557513866, -0.0004482843731202526, -6.9569880571516e-06, 2.1033829502706164e-05, -2.1566243152002797e-06, 0.0001710915253642729, -9.224114245063855e-05, 6.907267742874944e-05, -1.4959709083491444e-05, 6.127160431061745e-07, 7.568348351362217e-08], [3.438012397495903e-05, -0.0001404561090425436, 6.8436378857156e-05, -4.616567113036775e-06, -2.1566243152002797e-06, 2.8507829866349904e-07, -1.3673088089392947e-05, 5.724814655757509e-06, -5.044521887229505e-06, 1.380359108464054e-06, -1.1659245418223172e-07, -7.391610634589504e-11], [-0.47880695779611615, -0.03748498199640924, -0.0009307350968390558, -0.00044455691488980864, 0.0001710915253642729, -1.3673088089392947e-05, 11.059781377854206, 0.013677715938024446, -0.011274848119411696, 0.0012939166153143244, -0.0003502965366091268, 3.717760154401497e-05], [0.04431073352040929, 0.0025586404366256697, -0.002474257923627822, 0.0006617842156250938, -9.224114245063855e-05, 5.724814655757509e-06, 0.013677715938024446, 0.12988401647631584, -0.03696255535003626, 0.0011246773239908232, 0.001190425326625644, -0.00014080611722312898], [0.0037952284740783745, 0.0009379507346747814, 0.0004229156757370881, -0.0003317758054011704, 6.907267742874944e-05, -5.044521887229505e-06, -0.011274848119411696, -0.03696255535003626, 0.020043225114243318, -0.0020273668220089107, -0.00043436135831549557, 6.819980925717676e-05], [-0.0009867920106839067, -0.00028265267881317314, 7.924616276330664e-05, 3.879833880911158e-05, -1.4959709083491444e-05, 1.380359108464054e-06, 0.0012939166153143244, 0.0011246773239908232, -0.0020273668220089107, 0.000509257491110264, -1.2328805029931617e-05, -4.378824908658396e-06], [3.586485789559771e-05, 4.1832099037721284e-05, -3.2209299128234304e-05, 4.393476577087433e-06, 6.127160431061745e-07, -1.1659245418223172e-07, -0.0003502965366091268, 0.001190425326625644, -0.00043436135831549557, -1.2328805029931617e-05, 2.2155779392633986e-05, -2.2425087407516876e-06], [2.3463165019496496e-06, -2.7955632745319155e-06, 2.910871724603726e-06, -8.672738325903271e-07, 7.568348351362217e-08, -7.391610634589504e-11, 3.717760154401497e-05, -0.00014080611722312898, 6.819980925717676e-05, -4.378824908658396e-06, -2.2425087407516876e-06, 2.9297941494248727e-07]], [[9.5292719857218, -0.005827549259287508, -0.005717257940942817, -0.0003701206643646425, -0.0001765729914315936, 5.82792536945015e-05, -4.030833517636373e-06, -0.47649152154285296, 0.04704227614354034, 0.002737274403428767, -0.0007528908816673968, -7.819681369299208e-06, 4.184756293043487e-06, 1.989709971422453e-07], [-0.005827549259287508, 0.1514236266529454, -0.05219938173227436, 0.006516012839714894, 0.00040304397802448606, -0.00013252011795063769, 5.207059798733806e-06, -0.039199283553005684, 0.0034756623563426477, 0.00011622038407515537, 1.7088869019684958e-05, -4.807573657279015e-06, -1.511031577577087e-06, 1.5644750943071296e-07], [-0.005717257940942817, -0.05219938173227436, 0.03210618299635888, -0.006108123785034377, -8.541039253141274e-05, 0.00013822572617592867, -1.0463061216647697e-05, 0.0014632543276181227, -0.003416128373434292, 0.0013108417023714942, -0.00022901593454928995, 2.9008809950296256e-06, 4.485374270590268e-06, -3.701054478316205e-07], [-0.0003701206643646425, 0.006516012839714894, -0.006108123785034377, 0.0017077197294796647, -4.355429316332435e-05, -4.360541763275963e-05, 4.538481722922388e-06, -0.0014239543857291624, 0.0007595330407485238, -0.0005074853919937957, 0.00010472008582033696, 8.772531210466634e-07, -2.649816179036875e-06, 2.118874338623621e-07], [-0.0001765729914315936, 0.00040304397802448606, -8.541039253141274e-05, -4.355429316332435e-05, 8.052316120168772e-06, 1.6350401770486978e-06, -2.9554541474067707e-07, 0.0003100530335247832, -1.2934320453214588e-05, 3.0681654777656e-05, -7.890552988197453e-06, -1.8356130970781625e-07, 2.476738280829943e-07, -1.989061769120376e-08], [5.82792536945015e-05, -0.00013252011795063769, 0.00013822572617592867, -4.360541763275963e-05, 1.6350401770486978e-06, 1.1570600906207576e-06, -1.298567620168923e-07, -1.4680264922647122e-05, -1.7380420134169628e-05, 1.1226845366262137e-05, -2.5331471565598683e-06, -1.2811298032188506e-08, 7.081681656383555e-08, -6.1169163567549985e-09], [-4.030833517636373e-06, 5.207059798733806e-06, -1.0463061216647697e-05, 4.538481722922388e-06, -2.9554541474067707e-07, -1.298567620168923e-07, 1.6903386773683173e-08, -8.317232973269171e-07, 1.768826738896791e-06, -1.3740740755264163e-06, 3.336555057629059e-07, 3.5745871362270764e-09, -1.018892512691911e-08, 8.843926993326354e-10], [-0.47649152154285296, -0.039199283553005684, 0.0014632543276181227, -0.0014239543857291624, 0.0003100530335247832, -1.4680264922647122e-05, -8.317232973269171e-07, 11.075398952298496, 0.0011570723141998737, -0.0032269362181002368, -0.0013961156317443479, 4.036500361766689e-05, 2.9895187821315403e-05, -1.9786640964429444e-06], [0.04704227614354034, 0.0034756623563426477, -0.003416128373434292, 0.0007595330407485238, -1.2934320453214588e-05, -1.7380420134169628e-05, 1.768826738896791e-06, 0.0011570723141998737, 0.15535942692241475, -0.054393308512954645, 0.0068034173398291336, 0.0004347474265777336, -0.00014065634481762404, 5.458592529636287e-06], [0.002737274403428767, 0.00011622038407515537, 0.0013108417023714942, -0.0005074853919937957, 3.0681654777656e-05, 1.1226845366262137e-05, -1.3740740755264163e-06, -0.0032269362181002368, -0.054393308512954645, 0.03360241748078704, -0.006362779544254479, -9.649982349602952e-05, 0.0001449662917737246, -1.0912631650800458e-05], [-0.0007528908816673968, 1.7088869019684958e-05, -0.00022901593454928995, 0.00010472008582033696, -7.890552988197453e-06, -2.5331471565598683e-06, 3.336555057629059e-07, -0.0013961156317443479, 0.0068034173398291336, -0.006362779544254479, 0.0017694597627729537, -4.5357585381427806e-05, -4.499942410825129e-05, 4.679328554782908e-06], [-7.819681369299208e-06, -4.807573657279015e-06, 2.9008809950296256e-06, 8.772531210466634e-07, -1.8356130970781625e-07, -1.2811298032188506e-08, 3.5745871362270764e-09, 4.036500361766689e-05, 0.0004347474265777336, -9.649982349602952e-05, -4.5357585381427806e-05, 8.790667893579417e-06, 1.6698408597570702e-06, -3.0883801414541856e-07], [4.184756293043487e-06, -1.511031577577087e-06, 4.485374270590268e-06, -2.649816179036875e-06, 2.476738280829943e-07, 7.081681656383555e-08, -1.018892512691911e-08, 2.9895187821315403e-05, -0.00014065634481762404, 0.0001449662917737246, -4.499942410825129e-05, 1.6698408597570702e-06, 1.1823112014749532e-06, -1.321328120884441e-07], [1.989709971422453e-07, 1.5644750943071296e-07, -3.701054478316205e-07, 2.118874338623621e-07, -1.989061769120376e-08, -6.1169163567549985e-09, 8.843926993326354e-10, -1.9786640964429444e-06, 5.458592529636287e-06, -1.0912631650800458e-05, 4.679328554782908e-06, -3.0883801414541856e-07, -1.321328120884441e-07, 1.7232855983255277e-08]], [[9.537132748813091, -0.008702107296531212, -0.004451705756188485, -0.0007645801981584923, -7.727131867289272e-05, 1.8146600517945543e-05, 4.4711317560416374e-06, -7.007582019888004e-07, -0.4787976609318928, 0.04956034399304559, 0.0004255942705952734, -9.672811456232673e-05, -5.905704056499229e-05, -1.3023267194922807e-05, 5.079270892239476e-06, -3.5638803566137666e-07], [-0.008702107296531212, 0.15210240014446982, -0.05210393957833881, 0.005433428068637239, 0.0007949489508965796, -8.94176452318802e-05, -2.7607533370701143e-05, 3.356801786071908e-06, -0.04325987998698079, 0.0009581793931048406, 0.0020710652739900606, -0.0005013221605747506, -3.1913075139627528e-06, 1.0081438641340722e-05, 2.5995652576274433e-07, -1.6828995729030194e-07], [-0.004451705756188485, -0.05210393957833881, 0.03144786033951515, -0.004959987695384302, -0.0004387402845424238, 9.225761628547358e-05, 1.9605937296819558e-05, -2.9818071125204695e-06, 0.0035989728369059237, -0.0017254187315005542, -0.0001252836651404134, 0.00018974606824162768, -1.0951253004258724e-05, -4.5762498941074515e-06, 1.3913113793868863e-07, 6.762099831073061e-08], [-0.0007645801981584923, 0.005433428068637239, -0.004959987695384302, 0.0011217936350211444, 5.37979357267269e-05, -2.3785492772836652e-05, -3.803181387854986e-06, 7.314558023750966e-07, -0.001837131346779576, 0.00035400640825803423, -0.00014029216831575408, -8.050334703608163e-06, 5.284052892849418e-06, 3.3943036806747594e-07, -1.453336725327225e-07, 2.6536941300332454e-09], [-7.727131867289272e-05, 0.0007949489508965796, -0.0004387402845424238, 5.37979357267269e-05, 7.544088191551166e-06, -8.082889196440828e-07, -2.5516405519893597e-07, 2.7617493216723647e-08, 0.00025225923114798027, -1.7870908478141202e-06, 1.3525121781095455e-05, -2.4215219741213624e-06, -2.2284524371335994e-07, 4.555318951269212e-08, 6.6715767018900324e-09, -1.0530923363235828e-09], [1.8146600517945543e-05, -8.94176452318802e-05, 9.225761628547358e-05, -2.3785492772836652e-05, -8.082889196440828e-07, 5.327619846903009e-07, 7.680283696390468e-08, -1.627495466631995e-08, 1.74694863384974e-05, -4.151063122249216e-06, 3.067816210911737e-06, -2.4230241129749285e-07, -1.084777282948776e-07, 3.651419203105331e-09, 4.228511944540333e-09, -3.5729934252405453e-10], [4.4711317560416374e-06, -2.7607533370701143e-05, 1.9605937296819558e-05, -3.803181387854986e-06, -2.5516405519893597e-07, 7.680283696390468e-08, 1.4235895580797683e-08, -2.4155213012151767e-09, -5.22097689750454e-06, -7.101719475154983e-07, -6.032292248141518e-08, 4.3907943261886113e-08, -4.488447989550249e-09, -7.575126286258159e-10, 2.3926553901769275e-10, -9.942422125880338e-12], [-7.007582019888004e-07, 3.356801786071908e-06, -2.9818071125204695e-06, 7.314558023750966e-07, 2.7617493216723647e-08, -1.627495466631995e-08, -2.4155213012151767e-09, 5.008288911603488e-10, 1.9524117612463452e-07, 1.5461520724928245e-07, -5.572273573127146e-08, 3.869920913208032e-09, 2.487270977947609e-09, -9.947491682922991e-11, -1.1421068517358636e-10, 1.0861188598993704e-11], [-0.4787976609318928, -0.04325987998698079, 0.0035989728369059237, -0.001837131346779576, 0.00025225923114798027, 1.74694863384974e-05, -5.22097689750454e-06, 1.9524117612463452e-07, 11.078236886197917, 0.0013937956556274373, -0.0032975495837043287, -0.0009479206845204835, -0.00011229470119833946, 2.4259479665637304e-05, 7.938940963542846e-06, -1.0268924049199867e-06], [0.04956034399304559, 0.0009581793931048406, -0.0017254187315005542, 0.00035400640825803423, -1.7870908478141202e-06, -4.151063122249216e-06, -7.101719475154983e-07, 1.5461520724928245e-07, 0.0013937956556274373, 0.15459561732613608, -0.05335914800302286, 0.005376099336741261, 0.0009040153384242795, -9.402459571690616e-05, -3.1641552828686235e-05, 3.8095205400660636e-06], [0.0004255942705952734, 0.0020710652739900606, -0.0001252836651404134, -0.00014029216831575408, 1.3525121781095455e-05, 3.067816210911737e-06, -6.032292248141518e-08, -5.572273573127146e-08, -0.0032975495837043287, -0.05335914800302286, 0.03232705280170235, -0.004975702091306732, -0.0005045385005012337, 9.71829224980237e-05, 2.201916860435672e-05, -3.2897347606758547e-06], [-9.672811456232673e-05, -0.0005013221605747506, 0.00018974606824162768, -8.050334703608163e-06, -2.4215219741213624e-06, -2.4230241129749285e-07, 4.3907943261886113e-08, 3.869920913208032e-09, -0.0009479206845204835, 0.005376099336741261, -0.004975702091306732, 0.0011140657691333985, 6.16556845293052e-05, -2.4622098705397817e-05, -4.07386632957907e-06, 7.715222688481552e-07], [-5.905704056499229e-05, -3.1913075139627528e-06, -1.0951253004258724e-05, 5.284052892849418e-06, -2.2284524371335994e-07, -1.084777282948776e-07, -4.488447989550249e-09, 2.487270977947609e-09, -0.00011229470119833946, 0.0009040153384242795, -0.0005045385005012337, 6.16556845293052e-05, 9.478550631717774e-06, -1.018057538385024e-06, -3.3148116148409784e-07, 3.742447394236495e-08], [-1.3023267194922807e-05, 1.0081438641340722e-05, -4.5762498941074515e-06, 3.3943036806747594e-07, 4.555318951269212e-08, 3.651419203105331e-09, -7.575126286258159e-10, -9.947491682922991e-11, 2.4259479665637304e-05, -9.402459571690616e-05, 9.71829224980237e-05, -2.4622098705397817e-05, -1.018057538385024e-06, 5.722344275587418e-07, 8.545592355178268e-08, -1.77072164822006e-08], [5.079270892239476e-06, 2.5995652576274433e-07, 1.3913113793868863e-07, -1.453336725327225e-07, 6.6715767018900324e-09, 4.228511944540333e-09, 2.3926553901769275e-10, -1.1421068517358636e-10, 7.938940963542846e-06, -3.1641552828686235e-05, 2.201916860435672e-05, -4.07386632957907e-06, -3.3148116148409784e-07, 8.545592355178268e-08, 1.7058102551556557e-08, -2.788192982677806e-09], [-3.5638803566137666e-07, -1.6828995729030194e-07, 6.762099831073061e-08, 2.6536941300332454e-09, -1.0530923363235828e-09, -3.5729934252405453e-10, -9.942422125880338e-12, 1.0861188598993704e-11, -1.0268924049199867e-06, 3.8095205400660636e-06, -3.2897347606758547e-06, 7.715222688481552e-07, 3.742447394236495e-08, -1.77072164822006e-08, -2.788192982677806e-09, 5.551554547820678e-10]]], "B_list": [{"B_d": [[0.03057229397810608], [3.200153812821296e-05], [2.0480875143094594e-06]], "B_theta": [2.5854256131221306e-06], "B_const": [0.2526928222091472]}, {"B_d": [[0.00038710205344254207], [3.837696635872168e-06], [1.5415545514682477e-07]], "B_theta": [4.821110255749625e-07], "B_const": [0.016085527772926256]}, {"B_d": [[0.00010384211777381042], [1.7226426084347242e-07], [1.3194169359142384e-07]], "B_theta": [1.7376955106125717e-07], "B_const": [0.0034590793788637996]}, {"B_d": [[0.00014096692203792305], [4.5306378540959276e-07], [2.5383722532238846e-07]], "B_theta": [8.871337232248611e-08], "B_const": [0.0013079487914700939]}, {"B_d": [[6.387563747525136e-05], [8.426753387639055e-07], [3.6093711831452036e-07]], "B_theta": [6.572795671149942e-08], "B_const": [0.000738091871162299]}, {"B_d": [[6.642768584273606e-05], [3.0068497235355346e-07], [3.821911961261241e-07]], "B_theta": [6.745173656199265e-08], "B_const": [0.0007075114945087348]}, {"B_d": [[3.1334459711709247e-05], [2.539315920455254e-06], [3.698736568242032e-07]], "B_theta": [7.382483921546759e-08], "B_const": [0.0005222156943930852]}, {"B_d": [[4.660843850699008e-05], [2.0497984480192579e-07], [4.162085890231437e-07]], "B_theta": [6.952498544189485e-08], "B_const": [0.0005195529376253716]}], "bic_scores": [102.24182986101418, -16.651122692652432, -64.76467092246702, -73.00435586327349, -55.50491018583092, -11.632187387726844, 33.457920048459584, 93.10906810914753], "best_bic": -73.00435586327349, "best_bic_A": [[9.566615717067881, -0.035908633837036276, -0.0025085575214041263, -7.184811154196363e-05, -0.48259769535086405, 0.05562020817693488, -0.0004828141728110715, -0.0001961657790083145], [-0.035908633837036276, 0.15165136750604055, -0.036237168626390925, 0.002880181817615802, -0.035806177762210435, 0.0028761514243184263, 0.0009240555385846977, -0.0001236601711384837], [-0.0025085575214041263, -0.036237168626390925, 0.013010234327619002, -0.0012298391816235113, -0.0025580395099300446, -0.002479667837614543, 0.00024570689482985734, 8.645537634808224e-07], [-7.184811154196363e-05, 0.002880181817615802, -0.0012298391816235113, 0.00012777332413764275, 0.0003318329121966778, 0.0002500836550946026, -4.472617601487319e-05, 2.086084124150738e-06], [-0.48259769535086405, -0.035806177762210435, -0.0025580395099300446, 0.0003318329121966778, 11.097975965355987, -0.021293910745416134, -0.004056832654122169, 7.208150094173444e-05], [0.05562020817693488, 0.0028761514243184263, -0.002479667837614543, 0.0002500836550946026, -0.021293910745416134, 0.1522726604721135, -0.03651365261856287, 0.0029084730440121316], [-0.0004828141728110715, 0.0009240555385846977, 0.00024570689482985734, -4.472617601487319e-05, -0.004056832654122169, -0.03651365261856287, 0.013227681336953614, -0.00124955436970061], [-0.0001961657790083145, -0.0001236601711384837, 8.645537634808224e-07, 2.086084124150738e-06, 7.208150094173444e-05, 0.0029084730440121316, -0.00124955436970061, 0.000129590864834161]], "best_bic_B": {"B_d": [[0.00014096692203792305], [4.5306378540959276e-07], [2.5383722532238846e-07]], "B_theta": [8.871337232248611e-08], "B_const": [0.0013079487914700939]}, "best_bic_deg": 4, "best_bic_deg_idx": 3, "aic_scores": [94.51452733011688, -31.139814938084875, -89.87840414788326, -112.60678133412216, -113.4596791675607, -91.80295114578635, -72.79248975137833, -43.08463899791741], "best_aic": -113.4596791675607, "best_aic_A": [[9.541470906895809, -0.02260483309484894, 0.00030846398232529465, -0.0013658594874779487, 9.52706584551311e-05, -0.47651958239371217, 0.05003047181790565, 0.001658410542795534, -0.0005300206677115891, 2.755811234725492e-05], [-0.02260483309484894, 0.16555198677268176, -0.05952647534190941, 0.00984579509635363, -0.0006008692056488201, -0.03515896044789832, 0.002330151180729693, 0.0014032403851542113, -0.00039968375321073105, 3.3933275802201995e-05], [0.00030846398232529465, -0.05952647534190941, 0.035357016017607705, -0.007412918461180044, 0.0005317909217726911, -0.0022817635412267787, -0.002394862404575659, 0.00020067204196672336, 8.92579452201379e-05, -1.2280586265299151e-05], [-0.0013658594874779487, 0.00984579509635363, -0.007412918461180044, 0.0018079231289990227, -0.00014396786653932562, 1.743748715306859e-05, 0.0004909685866473043, -0.00016729712116171324, 1.3258128922524282e-05, 9.964938572852927e-08], [9.52706584551311e-05, -0.0006008692056488201, 0.0005317909217726911, -0.00014396786653932562, 1.2297732323620965e-05, 2.9890832330871794e-05, -3.638672279481043e-05, 1.7533844902219822e-05, -2.5723929805724326e-06, 1.286358219062729e-07], [-0.47651958239371217, -0.03515896044789832, -0.0022817635412267787, 1.743748715306859e-05, 2.9890832330871794e-05, 11.066826646310911, -0.012177058889376915, 0.0013438255423103313, -0.0019215611512070092, 0.00016135065441359698], [0.05003047181790565, 0.002330151180729693, -0.002394862404575659, 0.0004909685866473043, -3.638672279481043e-05, -0.012177058889376915, 0.17110121991500224, -0.06269084620838052, 0.01051878510661545, -0.0006486801607479924], [0.001658410542795534, 0.0014032403851542113, 0.00020067204196672336, -0.00016729712116171324, 1.7533844902219822e-05, 0.0013438255423103313, -0.06269084620838052, 0.037235397450107746, -0.007813379847301951, 0.0005593396349496746], [-0.0005300206677115891, -0.00039968375321073105, 8.92579452201379e-05, 1.3258128922524282e-05, -2.5723929805724326e-06, -0.0019215611512070092, 0.01051878510661545, -0.007813379847301951, 0.001897522623454134, -0.00015017908604874434], [2.755811234725492e-05, 3.3933275802201995e-05, -1.2280586265299151e-05, 9.964938572852927e-08, 1.286358219062729e-07, 0.00016135065441359698, -0.0006486801607479924, 0.0005593396349496746, -0.00015017908604874434, 1.2714423881059783e-05]], "best_aic_B": {"B_d": [[6.387563747525136e-05], [8.426753387639055e-07], [3.6093711831452036e-07]], "B_theta": [6.572795671149942e-08], "B_const": [0.000738091871162299]}, "best_aic_deg": 5, "best_aic_deg_idx": 4, "lr": [{"class_name": "PiecewiseConstantDecay", "config": {"boundaries": [5490], "values": [0.005, 0.005], "name": null}}, {"class_name": "PiecewiseConstantDecay", "config": {"boundaries": [5490], "values": [0.005, 0.005], "name": null}}, {"class_name": "PiecewiseConstantDecay", "config": {"boundaries": [5490], "values": [0.005, 0.005], "name": null}}, {"class_name": "PiecewiseConstantDecay", "config": {"boundaries": [5490], "values": [0.005, 0.005], "name": null}}, {"class_name": "PiecewiseConstantDecay", "config": {"boundaries": [5490], "values": [0.005, 0.005], "name": null}}, {"class_name": "PiecewiseConstantDecay", "config": {"boundaries": [5490], "values": [0.005, 0.005], "name": null}}, {"class_name": "PiecewiseConstantDecay", "config": {"boundaries": [5490], "values": [0.005, 0.005], "name": null}}, {"class_name": "PiecewiseConstantDecay", "config": {"boundaries": [5490], "values": [0.005, 0.005], "name": null}}], "optimizer": [{"class_name": "Adam", "config": {"name": "Adam", "learning_rate": 0.005, "decay": 0.0, "beta_1": 0.9, "beta_2": 0.999, "epsilon": 1e-07, "amsgrad": false}}, {"class_name": "Adam", "config": {"name": "Adam", "learning_rate": 0.005, "decay": 0.0, "beta_1": 0.9, "beta_2": 0.999, "epsilon": 1e-07, "amsgrad": false}}, {"class_name": "Adam", "config": {"name": "Adam", "learning_rate": 0.005, "decay": 0.0, "beta_1": 0.9, "beta_2": 0.999, "epsilon": 1e-07, "amsgrad": false}}, {"class_name": "Adam", "config": {"name": "Adam", "learning_rate": 0.005, "decay": 0.0, "beta_1": 0.9, "beta_2": 0.999, "epsilon": 1e-07, "amsgrad": false}}, {"class_name": "Adam", "config": {"name": "Adam", "learning_rate": 0.005, "decay": 0.0, "beta_1": 0.9, "beta_2": 0.999, "epsilon": 1e-07, "amsgrad": false}}, {"class_name": "Adam", "config": {"name": "Adam", "learning_rate": 0.005, "decay": 0.0, "beta_1": 0.9, "beta_2": 0.999, "epsilon": 1e-07, "amsgrad": false}}, {"class_name": "Adam", "config": {"name": "Adam", "learning_rate": 0.005, "decay": 0.0, "beta_1": 0.9, "beta_2": 0.999, "epsilon": 1e-07, "amsgrad": false}}, {"class_name": "Adam", "config": {"name": "Adam", "learning_rate": 0.005, "decay": 0.0, "beta_1": 0.9, "beta_2": 0.999, "epsilon": 1e-07, "amsgrad": false}}], "epochs": 50, "best_epochs": [49, 49, 49, 49, 49, 49, 49, 49], "batch_size": 256}