{"degree": [1, 2, 3, 4, 5, 6, 7, 8], "losses": [-60.269331810926815, -99.0732674585168, -106.6191676533274, -109.16966063734154, -110.74415785703728, -110.78024109684955, -110.98405820826132, -111.54261191922362], "A_list": [[[0.9987825401988528, -0.008232650052412825], [-0.008232650052412825, 1.0376681794395577]], [[1.0124293120007701, -0.011596300516898923, -0.01088856781607858, 0.002222763465362816], [-0.011596300516898923, 0.008197483514218703, -0.00022240011293736634, -0.0001538119889031737], [-0.01088856781607858, -0.00022240011293736634, 1.0549380117336022, -0.013676071727532149], [0.002222763465362816, -0.0001538119889031737, -0.013676071727532149, 0.009259982668370935]], [[1.002785982588725, -0.007836752019389723, -0.001894092924757899, -0.011155438922160267, 0.0033681681585900677, -0.0003700445133125177], [-0.007836752019389723, 0.024542946195641575, -0.005717398442773661, -0.00043388227594805354, 0.00026338835697668024, 5.737380718861963e-05], [-0.001894092924757899, -0.005717398442773661, 0.0019324257979310376, 0.0006379231085529852, -7.495779871209468e-05, -8.024090866493938e-06], [-0.011155438922160267, -0.00043388227594805354, 0.0006379231085529852, 1.0436510190620214, -0.008573603463990278, -0.0019271175564865865], [0.0033681681585900677, 0.00026338835697668024, -7.495779871209468e-05, -0.008573603463990278, 0.026279861543340055, -0.005707951555373115], [-0.0003700445133125177, 5.737380718861963e-05, -8.024090866493938e-06, -0.0019271175564865865, -0.005707951555373115, 0.0018964829308501612]], [[1.006239220446584, -0.021351412947122145, 0.01050458841046234, -0.0031030342363499563, -0.00981216551394843, 0.0029793875063383797, 0.0008856178364362328, -0.00037390959989105075], [-0.021351412947122145, 0.07148324754313973, -0.04725494556730435, 0.010388106435226516, 0.00042211234009070775, 0.0010727160646585455, -0.00020808081435662643, 0.00018071894751562628], [0.01050458841046234, -0.04725494556730435, 0.039036108357188855, -0.009342432473096855, 0.0005848358317248794, -0.0005370645524592229, -1.580192679844199e-05, -5.9317667066152554e-05], [-0.0031030342363499563, 0.010388106435226516, -0.009342432473096855, 0.002359134132637111, 0.0003155689195600656, 9.20626000328733e-05, 5.6480459891918914e-05, -9.450209181670833e-06], [-0.00981216551394843, 0.00042211234009070775, 0.0005848358317248794, 0.0003155689195600656, 1.0467917388552477, -0.018540207442368437, 0.007993229551748537, -0.002154322340830347], [0.0029793875063383797, 0.0010727160646585455, -0.0005370645524592229, 9.20626000328733e-05, -0.018540207442368437, 0.07545839028511118, -0.04919352985864377, 0.010919996253344954], [0.0008856178364362328, -0.00020808081435662643, -1.580192679844199e-05, 5.6480459891918914e-05, 0.007993229551748537, -0.04919352985864377, 0.04025914864000827, -0.009649052656563318], [-0.00037390959989105075, 0.00018071894751562628, -5.9317667066152554e-05, -9.450209181670833e-06, -0.002154322340830347, 0.010919996253344954, -0.009649052656563318, 0.0024321799932201043]], [[1.0175390695651563, -0.05629165505201738, 0.06313116291067913, -0.0334889916793929, 0.006060100164032915, -0.011468122307461364, 0.0015866869761787608, 0.001618485179811885, -0.0008302154178533221, 8.401651100218375e-05], [-0.05629165505201738, 0.231612392342418, -0.28992646494522195, 0.15233167347418727, -0.028393633149575624, 0.002506818105567963, -0.0018967942322164854, 0.0035641312868600144, -0.0016615264900997364, 0.00033179592866815764], [0.06313116291067913, -0.28992646494522195, 0.40727675271409375, -0.22514043145321408, 0.043210836721673605, -0.002103600377612192, 0.002398537034737446, -0.003844003286036065, 0.001604064260473869, -0.0002869258725545688], [-0.0334889916793929, 0.15233167347418727, -0.22514043145321408, 0.12899027094824528, -0.025375559262815765, 0.001736527901671862, -0.0015207434894008822, 0.0022155605670362475, -0.0009435796943529921, 0.00016127530215064582], [0.006060100164032915, -0.028393633149575624, 0.043210836721673605, -0.025375559262815765, 0.005087516151810361, -0.00017575874858129513, 0.00029753379345324505, -0.00041302019705959195, 0.0001764832916405504, -3.0148800189726756e-05], [-0.011468122307461364, 0.002506818105567963, -0.002103600377612192, 0.001736527901671862, -0.00017575874858129513, 1.0626254451435646, -0.05761614579247339, 0.06599461971247507, -0.03587024311598418, 0.006804105964508049], [0.0015866869761787608, -0.0018967942322164854, 0.002398537034737446, -0.0015207434894008822, 0.00029753379345324505, -0.05761614579247339, 0.245039772921453, -0.3014305980072224, 0.15793391368796006, -0.0292632272567842], [0.001618485179811885, 0.0035641312868600144, -0.003844003286036065, 0.0022155605670362475, -0.00041302019705959195, 0.06599461971247507, -0.3014305980072224, 0.4177029618820215, -0.2301602713727756, 0.04396140018764865], [-0.0008302154178533221, -0.0016615264900997364, 0.001604064260473869, -0.0009435796943529921, 0.0001764832916405504, -0.03587024311598418, 0.15793391368796006, -0.2301602713727756, 0.13145332165112047, -0.02574441678094043], [8.401651100218375e-05, 0.00033179592866815764, -0.0002869258725545688, 0.00016127530215064582, -3.0148800189726756e-05, 0.006804105964508049, -0.0292632272567842, 0.04396140018764865, -0.02574441678094043, 0.005137549249576882]], [[1.013533253330014, -0.041187160301983425, 0.030040666137625266, -0.0035250486566010468, -0.006632895341196417, 0.0020694570747316326, -0.009850197673419967, 0.0022134440136883453, 0.0002903758920862539, 0.0006521248321682976, -0.0007270459174082589, 0.00014999952448359734], [-0.041187160301983425, 0.14698450445790412, -0.1353720107758693, 0.025990053384348007, 0.020089462282024614, -0.007153169973299639, 0.0016817839486522258, -0.0016843190904333974, 0.0034139302784735688, -0.002250896342694213, 0.0007451742097455841, -0.00010354863269025122], [0.030040666137625266, -0.1353720107758693, 0.15286433887282047, -0.04106731885449287, -0.017968742017130748, 0.0076524317866203855, -0.0013823626908886831, 0.0034641915038403645, -0.004958601787322222, 0.0025557141298157135, -0.0005107396290772318, 2.5267874676663703e-05], [-0.0035250486566010468, 0.025990053384348007, -0.04106731885449287, 0.018427326350163652, 0.001380362550780332, -0.001696146418922804, 0.0006511406929459736, -0.003110485643824144, 0.0036337423090648763, -0.0012001329211350211, -0.0002165695995553946, 0.00012802997443572372], [-0.006632895341196417, 0.020089462282024614, -0.017968742017130748, 0.001380362550780332, 0.0038939076377638845, -0.001116188249422496, 0.0002342076518626003, 0.0013377956986627044, -0.0013514852603727096, 0.00019644686311647255, 0.0003112050654719896, -0.00010530288708055664], [0.0020694570747316326, -0.007153169973299639, 0.0076524317866203855, -0.001696146418922804, -0.001116188249422496, 0.00041467700868969346, -9.325813468810161e-05, -0.0002110442342171295, 0.0001860917285475913, 1.0269204958236682e-05, -7.689503101398125e-05, 2.2832308475173717e-05], [-0.009850197673419967, 0.0016817839486522258, -0.0013823626908886831, 0.0006511406929459736, 0.0002342076518626003, -9.325813468810161e-05, 1.0534435549154102, -0.0425471388469002, 0.033121343563602364, -0.006147867941793844, -0.0060103149221024145, 0.002116216366574605], [0.0022134440136883453, -0.0016843190904333974, 0.0034641915038403645, -0.003110485643824144, 0.0013377956986627044, -0.0002110442342171295, -0.0425471388469002, 0.15965783651799828, -0.14671354140593143, 0.030399455986685156, 0.02025419126256497, -0.007372757589609197], [0.0002903758920862539, 0.0034139302784735688, -0.004958601787322222, 0.0036337423090648763, -0.0013514852603727096, 0.0001860917285475913, 0.033121343563602364, -0.14671354140593143, 0.16536820755882045, -0.04665994664005821, -0.017759328745684637, 0.007841481608673978], [0.0006521248321682976, -0.002250896342694213, 0.0025557141298157135, -0.0012001329211350211, 0.00019644686311647255, 1.0269204958236682e-05, -0.006147867941793844, 0.030399455986685156, -0.04665994664005821, 0.021555230979895455, 0.00097629604706478, -0.001745352766453933], [-0.0007270459174082589, 0.0007451742097455841, -0.0005107396290772318, -0.0002165695995553946, 0.0003112050654719896, -7.689503101398125e-05, -0.0060103149221024145, 0.02025419126256497, -0.017759328745684637, 0.00097629604706478, 0.0040414877059271005, -0.0011257492653559123], [0.00014999952448359734, -0.00010354863269025122, 2.5267874676663703e-05, 0.00012802997443572372, -0.00010530288708055664, 2.2832308475173717e-05, 0.002116216366574605, -0.007372757589609197, 0.007841481608673978, -0.001745352766453933, -0.0011257492653559123, 0.00041596758273382403]], [[1.0128106134891974, -0.034529110111588136, 0.020581049623487297, -0.0006854478036722578, -0.0045610195754775835, 0.00022790135611919435, 0.0003759807737425262, -0.0114821367025521, 0.0006907404359286986, 0.0043841263968474676, -0.004831437524748919, 0.0027695609776078028, -0.0009522484201406785, 0.00011916540635954206], [-0.034529110111588136, 0.12856446613454306, -0.12219444673218943, 0.032103724606259265, 0.00955504148077845, -0.0027168271958302715, -0.0006457796396465534, 0.0003944080113859012, 0.002213094188284054, -0.001978025307484464, 0.0005141034575109679, 0.000531763471331605, -0.00034542735287568287, 5.427280334071417e-05], [0.020581049623487297, -0.12219444673218943, 0.1593939044259667, -0.06349595660503145, -0.00821099498899902, 0.00823289751134994, -0.0006734407771318712, 0.0012822202504657232, -0.0030426506621133234, 0.002595110951880552, -0.00022118189453011484, -0.0008746209517801698, 0.0003831101496268657, -3.254316562221311e-05], [-0.0006854478036722578, 0.032103724606259265, -0.06349595660503145, 0.03805000021776596, 0.0003622271160308089, -0.00617746109297481, 0.0012460111433898033, -0.002167887861805758, 0.0019227461472099466, -0.0012680701351327212, -0.0002697743170546246, 0.0005805952686871403, -0.0001316559659768125, -8.807561751477655e-06], [-0.0045610195754775835, 0.00955504148077845, -0.00821099498899902, 0.0003622271160308089, 0.0011665031985215355, 0.00024564208193975903, -0.00020225409433698936, 0.0016034928366660923, -0.0001821783196670442, 8.923203939356317e-05, 5.2065580145670745e-05, -7.673987392059209e-06, -4.641433756846046e-05, 1.4705324045533366e-05], [0.00022790135611919435, -0.0027168271958302715, 0.00823289751134994, -0.00617746109297481, 0.00024564208193975903, 0.0011051134326673401, -0.0002653069658709943, -0.00032423977062698685, -0.00022661639625992896, 6.762282962324266e-05, 0.00010390204516786925, -8.863439432410213e-05, 2.1161084236941413e-05, -3.044096347433184e-07], [0.0003759807737425262, -0.0006457796396465534, -0.0006734407771318712, 0.0012460111433898033, -0.00020225409433698936, -0.0002653069658709943, 8.259266083058444e-05, -7.638126422526997e-06, 6.825225288584831e-05, -1.6207848416578422e-05, -2.957053805865081e-05, 1.7063934343716738e-05, 1.1885315211538735e-06, -1.4685216854619898e-06], [-0.0114821367025521, 0.0003944080113859012, 0.0012822202504657232, -0.002167887861805758, 0.0016034928366660923, -0.00032423977062698685, -7.638126422526997e-06, 1.0524039540121222, -0.035861334029358746, 0.0237294612865394, -0.0017375867281149279, -0.005413269400691837, 0.0009199394086016296, 0.00027575163430375326], [0.0006907404359286986, 0.002213094188284054, -0.0030426506621133234, 0.0019227461472099466, -0.0001821783196670442, -0.00022661639625992896, 6.825225288584831e-05, -0.035861334029358746, 0.1346299952719252, -0.12455140322885652, 0.030743588535585408, 0.010221433056087822, -0.0023369778207329647, -0.0007868388422442234], [0.0043841263968474676, -0.001978025307484464, 0.002595110951880552, -0.0012680701351327212, 8.923203939356317e-05, 6.762282962324266e-05, -1.6207848416578422e-05, 0.0237294612865394, -0.12455140322885652, 0.15918016965580212, -0.06030059391984077, -0.009171788532547716, 0.007680954703326325, -0.00048750708575129293], [-0.004831437524748919, 0.0005141034575109679, -0.00022118189453011484, -0.0002697743170546246, 5.2065580145670745e-05, 0.00010390204516786925, -2.957053805865081e-05, -0.0017375867281149279, 0.030743588535585408, -0.06030059391984077, 0.0351151281387865, 0.0007805036911012012, -0.0057377251601432614, 0.0011303309580209591], [0.0027695609776078028, 0.000531763471331605, -0.0008746209517801698, 0.0005805952686871403, -7.673987392059209e-06, -8.863439432410213e-05, 1.7063934343716738e-05, -0.005413269400691837, 0.010221433056087822, -0.009171788532547716, 0.0007805036911012012, 0.001261901154382153, 0.00015417162065036228, -0.00019000132146666684], [-0.0009522484201406785, -0.00034542735287568287, 0.0003831101496268657, -0.0001316559659768125, -4.641433756846046e-05, 2.1161084236941413e-05, 1.1885315211538735e-06, 0.0009199394086016296, -0.0023369778207329647, 0.007680954703326325, -0.0057377251601432614, 0.00015417162065036228, 0.0010626712394325125, -0.0002525470625319268], [0.00011916540635954206, 5.427280334071417e-05, -3.254316562221311e-05, -8.807561751477655e-06, 1.4705324045533366e-05, -3.044096347433184e-07, -1.4685216854619898e-06, 0.00027575163430375326, -0.0007868388422442234, -0.00048750708575129293, 0.0011303309580209591, -0.00019000132146666684, -0.0002525470625319268, 7.978390362142308e-05]], [[1.0237276558966895, -0.045190094697078353, 0.03780049804748285, -0.006886324689144691, -0.008720695347439595, 0.0029134752234969315, 0.0005463308207733979, -0.00021960712348022737, -0.016548632258325632, 0.001945606509669142, 0.0018196637142436553, -0.0019528192072481205, 0.0005250409546370165, 0.00017690588366694587, -0.00019205687589275822, 3.7043254228587175e-05], [-0.045190094697078353, 0.20919695482656225, -0.2538856683972577, 0.09594590885435433, 0.020179966966144693, -0.00985534357230793, -0.006327111183114649, 0.002262517448094116, -0.003115690297822474, 0.0018762155472164435, -0.0015386926707486967, 0.0007076977697935504, -0.0001660662694860079, 0.0006847942588589161, -0.0005808401215279883, 0.00012738296750377512], [0.03780049804748285, -0.2538856683972577, 0.36968983846507164, -0.1606553965717107, -0.02817881083102393, 0.01827607252628467, 0.010089009883561768, -0.004009578168217657, 0.005339645743795689, -0.0029299709720759614, 0.0031450365697474336, -0.0023289315125212644, 0.0007166531745112976, -0.0006812057782432127, 0.0005787080325254312, -0.0001326217362994701], [-0.006886324689144691, 0.09594590885435433, -0.1606553965717107, 0.07954153287655641, 0.011308319270076812, -0.009743174665932025, -0.004864379824955194, 0.0021177288012657358, -0.004888909048196976, 0.00022908798870346713, 0.00029160905729166985, 0.0008498969532252463, -0.0007282637926892579, 0.00037438701686028206, -0.00019372767694409137, 4.213391915105773e-05], [-0.008720695347439595, 0.020179966966144693, -0.02817881083102393, 0.011308319270076812, 0.002376180915137828, -0.0012434968368518484, -0.0007353496173115051, 0.00027033248689108526, 0.0024937604026459776, 0.0011639347740010895, -0.0017807940741006762, 0.0005914272875006951, 0.00012036085962278621, 2.008538655707782e-06, -7.23228767650942e-05, 1.809800224491052e-05], [0.0029134752234969315, -0.00985534357230793, 0.01827607252628467, -0.009743174665932025, -0.0012434968368518484, 0.0012706597156149544, 0.0005866306071626052, -0.00027144579564519387, -0.0011807320951623943, -6.079010898816635e-05, 8.494755276689135e-05, -0.0001848455988086417, 0.00010460146620074574, -3.7727251154732265e-05, 1.8502777132518415e-05, -4.126751651507007e-06], [0.0005463308207733979, -0.006327111183114649, 0.010089009883561768, -0.004864379824955194, -0.0007353496173115051, 0.0005866306071626052, 0.000306802588085683, -0.00012998435251562052, 0.0006245117381163926, -0.00039300119226204285, 0.0005295958136477654, -0.00018196973523284106, -1.1802119545087071e-05, -1.5421825831448182e-05, 2.3799363133691164e-05, -5.3011743629885596e-06], [-0.00021960712348022737, 0.002262517448094116, -0.004009578168217657, 0.0021177288012657358, 0.00027033248689108526, -0.00027144579564519387, -0.00012998435251562052, 5.930913008435539e-05, -0.0001350659632978541, 0.00011495909622067084, -0.000152942769213966, 6.821173918913407e-05, -8.09909162004045e-06, 7.59328386362244e-06, -7.4772935218152905e-06, 1.6311360147332132e-06], [-0.016548632258325632, -0.003115690297822474, 0.005339645743795689, -0.004888909048196976, 0.0024937604026459776, -0.0011807320951623943, 0.0006245117381163926, -0.0001350659632978541, 1.0586923975035973, -0.048023454671288, 0.04202444506915735, -0.01231250640994069, -0.005708723980081784, 0.00181666874728302, 0.0008267546155162735, -0.00024503425931247973], [0.001945606509669142, 0.0018762155472164435, -0.0029299709720759614, 0.00022908798870346713, 0.0011639347740010895, -6.079010898816635e-05, -0.00039300119226204285, 0.00011495909622067084, -0.048023454671288, 0.20881039283901356, -0.2430103887917431, 0.086839406456072, 0.020654609895273356, -0.009112122938478141, -0.005818103959551537, 0.0020202794838245627], [0.0018196637142436553, -0.0015386926707486967, 0.0031450365697474336, 0.00029160905729166985, -0.0017807940741006762, 8.494755276689135e-05, 0.0005295958136477654, -0.000152942769213966, 0.04202444506915735, -0.2430103887917431, 0.34568507708430246, -0.14499162583150538, -0.028042902099892526, 0.016923224333042865, 0.009181581260887037, -0.003604694140750439], [-0.0019528192072481205, 0.0007076977697935504, -0.0023289315125212644, 0.0008498969532252463, 0.0005914272875006951, -0.0001848455988086417, -0.00018196973523284106, 6.821173918913407e-05, -0.01231250640994069, 0.086839406456072, -0.14499162583150538, 0.070850776456128, 0.010800043834750066, -0.00901885909817632, -0.004300999668922343, 0.001888891254361107], [0.0005250409546370165, -0.0001660662694860079, 0.0007166531745112976, -0.0007282637926892579, 0.00012036085962278621, 0.00010460146620074574, -1.1802119545087071e-05, -8.09909162004045e-06, -0.005708723980081784, 0.020654609895273356, -0.028042902099892526, 0.010800043834750066, 0.00251724508667323, -0.0012054355158490448, -0.0007060293162663055, 0.0002522246852952159], [0.00017690588366694587, 0.0006847942588589161, -0.0006812057782432127, 0.00037438701686028206, 2.008538655707782e-06, -3.7727251154732265e-05, -1.5421825831448182e-05, 7.59328386362244e-06, 0.00181666874728302, -0.009112122938478141, 0.016923224333042865, -0.00901885909817632, -0.0012054355158490448, 0.0012141784196155897, 0.0005318848339887141, -0.0002492022899166953], [-0.00019205687589275822, -0.0005808401215279883, 0.0005787080325254312, -0.00019372767694409137, -7.23228767650942e-05, 1.8502777132518415e-05, 2.3799363133691164e-05, -7.4772935218152905e-06, 0.0008267546155162735, -0.005818103959551537, 0.009181581260887037, -0.004300999668922343, -0.0007060293162663055, 0.0005318848339887141, 0.0002704026212296179, -0.00011432008822090963], [3.7043254228587175e-05, 0.00012738296750377512, -0.0001326217362994701, 4.213391915105773e-05, 1.809800224491052e-05, -4.126751651507007e-06, -5.3011743629885596e-06, 1.6311360147332132e-06, -0.00024503425931247973, 0.0020202794838245627, -0.003604694140750439, 0.001888891254361107, 0.0002522246852952159, -0.0002492022899166953, -0.00011432008822090963, 5.2770049008041967e-05]]], "B_list": [{"B_d": [[3.295862841970887e-07], [1.7643255371486878e-09], [2.3056780039392173e-09]], "B_theta": [2.704935190772766e-09], "B_const": [0.0021055711775060993]}, {"B_d": [[1.743449012757018e-08], [3.455364310339698e-09], [1.006682975935418e-09]], "B_theta": [7.96504221779166e-10], "B_const": [0.00023060393917855102]}, {"B_d": [[2.1855614828339122e-08], [2.563877663991027e-09], [2.1512549429234263e-09]], "B_theta": [1.3741665429731114e-09], "B_const": [0.0001335637294587563]}, {"B_d": [[9.189856716033918e-08], [1.961975786590144e-09], [2.723368668868376e-09]], "B_theta": [1.9169913312716934e-09], "B_const": [0.00010392327190972663]}, {"B_d": [[5.262678034063796e-07], [1.1262180795418002e-08], [3.0610589264395592e-09]], "B_theta": [2.757640252623082e-09], "B_const": [8.597641621858251e-05]}, {"B_d": [[5.732291055290347e-07], [1.5354000667473308e-08], [3.0338748583994234e-09]], "B_theta": [2.8990805248921485e-09], "B_const": [8.556602073400936e-05]}, {"B_d": [[1.1879426213624748e-07], [1.032924447274059e-08], [3.346165328503071e-09]], "B_theta": [2.9401640066192746e-09], "B_const": [8.392584916106227e-05]}, {"B_d": [[5.41784447958586e-07], [1.0097445835847765e-08], [3.5165159452702637e-09]], "B_theta": [3.385799773044475e-09], "B_const": [7.657993121367198e-05]}], "bic_scores": [-48.091242060033125, -76.23934917559112, -67.0403759629229, -46.75695066401136, -19.40848472533459, 15.56744006867251, 56.464675866526946, 103.0962199402777], "best_bic": -76.23934917559112, "best_bic_A": [[1.0124293120007701, -0.011596300516898923, -0.01088856781607858, 0.002222763465362816], [-0.011596300516898923, 0.008197483514218703, -0.00022240011293736634, -0.0001538119889031737], [-0.01088856781607858, -0.00022240011293736634, 1.0549380117336022, -0.013676071727532149], [0.002222763465362816, -0.0001538119889031737, -0.013676071727532149, 0.009259982668370935]], "best_bic_B": {"B_d": [[1.743449012757018e-08], [3.455364310339698e-09], [1.006682975935418e-09]], "B_theta": [7.96504221779166e-10], "B_const": [0.00023060393917855102]}, "best_bic_deg": 2, "best_bic_deg_idx": 1, "aic_scores": [-52.269331810926815, -84.0732674585168, -80.6191676533274, -68.16966063734154, -50.74415785703728, -27.78024109684955, -0.9840582082613167, 29.457388080776383], "best_aic": -84.0732674585168, "best_aic_A": [[1.0124293120007701, -0.011596300516898923, -0.01088856781607858, 0.002222763465362816], [-0.011596300516898923, 0.008197483514218703, -0.00022240011293736634, -0.0001538119889031737], [-0.01088856781607858, -0.00022240011293736634, 1.0549380117336022, -0.013676071727532149], [0.002222763465362816, -0.0001538119889031737, -0.013676071727532149, 0.009259982668370935]], "best_aic_B": {"B_d": [[1.743449012757018e-08], [3.455364310339698e-09], [1.006682975935418e-09]], "B_theta": [7.96504221779166e-10], "B_const": [0.00023060393917855102]}, "best_aic_deg": 2, "best_aic_deg_idx": 1, "lr": [{"class_name": "PiecewiseConstantDecay", "config": {"boundaries": [5310], "values": [0.005, 0.005], "name": null}}, {"class_name": "PiecewiseConstantDecay", "config": {"boundaries": [5310], "values": [0.005, 0.005], "name": null}}, {"class_name": "PiecewiseConstantDecay", "config": {"boundaries": [5310], "values": [0.005, 0.005], "name": null}}, {"class_name": "PiecewiseConstantDecay", "config": {"boundaries": [5310], "values": [0.005, 0.005], "name": null}}, {"class_name": "PiecewiseConstantDecay", "config": {"boundaries": [5310], "values": [0.005, 0.005], "name": null}}, {"class_name": "PiecewiseConstantDecay", "config": {"boundaries": [5310], "values": [0.005, 0.005], "name": null}}, {"class_name": "PiecewiseConstantDecay", "config": {"boundaries": [5310], "values": [0.005, 0.005], "name": null}}, {"class_name": "PiecewiseConstantDecay", "config": {"boundaries": [5310], "values": [0.005, 0.005], "name": null}}], "optimizer": [{"class_name": "Adam", "config": {"name": "Adam", "learning_rate": 0.005, "decay": 0.0, "beta_1": 0.9, "beta_2": 0.999, "epsilon": 1e-07, "amsgrad": false}}, {"class_name": "Adam", "config": {"name": "Adam", "learning_rate": 0.005, "decay": 0.0, "beta_1": 0.9, "beta_2": 0.999, "epsilon": 1e-07, "amsgrad": false}}, {"class_name": "Adam", "config": {"name": "Adam", "learning_rate": 0.005, "decay": 0.0, "beta_1": 0.9, "beta_2": 0.999, "epsilon": 1e-07, "amsgrad": false}}, {"class_name": "Adam", "config": {"name": "Adam", "learning_rate": 0.005, "decay": 0.0, "beta_1": 0.9, "beta_2": 0.999, "epsilon": 1e-07, "amsgrad": false}}, {"class_name": "Adam", "config": {"name": "Adam", "learning_rate": 0.005, "decay": 0.0, "beta_1": 0.9, "beta_2": 0.999, "epsilon": 1e-07, "amsgrad": false}}, {"class_name": "Adam", "config": {"name": "Adam", "learning_rate": 0.005, "decay": 0.0, "beta_1": 0.9, "beta_2": 0.999, "epsilon": 1e-07, "amsgrad": false}}, {"class_name": "Adam", "config": {"name": "Adam", "learning_rate": 0.005, "decay": 0.0, "beta_1": 0.9, "beta_2": 0.999, "epsilon": 1e-07, "amsgrad": false}}, {"class_name": "Adam", "config": {"name": "Adam", "learning_rate": 0.005, "decay": 0.0, "beta_1": 0.9, "beta_2": 0.999, "epsilon": 1e-07, "amsgrad": false}}], "epochs": 80, "best_epochs": [79, 79, 79, 79, 79, 79, 79, 79], "batch_size": 1024}