{"degree": [1, 2, 3, 4, 5, 6, 7, 8], "losses": [37.72521277274293, -82.46268502333412, -150.45432325740416, -182.82838630551663, -195.2114296929804, -200.02992189493452, -200.59250626054256, -200.846428199922], "A_list": [[[40.61724519875176, -1.584100747729132], [-1.584100747729132, 38.267838292759464]], [[40.99045219943077, -0.2227010555719592, -1.5559179057293755, 0.045679222495962915], [-0.2227010555719592, 0.12021146709203799, -0.06339119134418837, -0.00021695599473194895], [-1.5559179057293755, -0.06339119134418837, 39.022230432166864, -0.3048620836299432], [0.045679222495962915, -0.00021695599473194895, -0.3048620836299432, 0.13532567880440585]], [[40.71656661390901, -0.07554315904497828, -0.03743870860004984, -1.5569017472779094, 0.05531963107725952, -0.003783149586791531], [-0.07554315904497828, 0.1798422277524005, -0.013996275934356131, -0.07291593853168582, -0.0010818407157691522, 0.0014591870361514798], [-0.03743870860004984, -0.013996275934356131, 0.003328924831024538, 0.002295026995050353, -0.0013867226054393251, 1.5017433376980541e-05], [-1.5569017472779094, -0.07291593853168582, 0.002295026995050353, 38.577356124963146, -0.1551684849148018, -0.03919230200537922], [0.05531963107725952, -0.0010818407157691522, -0.0013867226054393251, -0.1551684849148018, 0.19951022572116497, -0.015335422644332615], [-0.003783149586791531, 0.0014591870361514798, 1.5017433376980541e-05, -0.03919230200537922, -0.015335422644332615, 0.003614944490229579]], [[40.61775927388892, -0.023631133152641776, -0.06004773835293307, 0.004384004796530614, -1.5644257313665637, 0.05187553168820682, -0.0004516184005199519, -0.00043138981133025646], [-0.023631133152641776, 0.17272940058500286, -0.023745855305867293, 0.0015955964305430783, -0.06147174899981875, 0.00038853086546562424, 0.0029958756693320714, -0.00045622937426052974], [-0.06004773835293307, -0.023745855305867293, 0.016560678815502765, -0.0022585703055867557, -0.0005777426785467495, -0.002937344522883234, -0.00018276416700944414, 0.00013764496198611926], [0.004384004796530614, 0.0015955964305430783, -0.0022585703055867557, 0.00038545247606675166, 0.0004425118010846492, 0.00039341794128017866, -6.948048933765036e-05, -6.089248302750195e-06], [-1.5644257313665637, -0.06147174899981875, -0.0005777426785467495, 0.0004425118010846492, 38.597156957748915, -0.10140878655703192, -0.06477425042848887, 0.004002065857587483], [0.05187553168820682, 0.00038853086546562424, -0.002937344522883234, 0.00039341794128017866, -0.10140878655703192, 0.19391691901364855, -0.025768028588234945, 0.0017404318230323584], [-0.0004516184005199519, 0.0029958756693320714, -0.00018276416700944414, -6.948048933765036e-05, -0.06477425042848887, -0.025768028588234945, 0.017886311810070523, -0.00244975680738396], [-0.00043138981133025646, -0.00045622937426052974, 0.00013764496198611926, -6.089248302750195e-06, 0.004002065857587483, 0.0017404318230323584, -0.00244975680738396, 0.0004204359894505111]], [[40.66196292543025, -0.015830135378144043, -0.05946897732104085, 0.003121108971956292, 0.00012413681145051798, -1.5536916347860317, 0.04709311653492194, 0.001730506466401021, -0.001147352167242883, 0.0001226526483013232], [-0.015830135378144043, 0.16957091426882373, -0.036492620024714, 0.008416951531863831, -0.0008987375222286203, -0.060423488843700836, -0.00042894028339238806, 0.0035548621754491645, -0.0009811152071227782, 0.00010429755877425599], [-0.05946897732104085, -0.036492620024714, 0.04547366505249309, -0.015466522632841014, 0.0017764522096998432, -0.004066304474778201, -0.0026344364291997625, -0.0006256147015599999, 0.0005995613349435949, -9.868969330005876e-05], [0.003121108971956292, 0.008416951531863831, -0.015466522632841014, 0.006308878458889995, -0.0007994945513793934, 0.0019123739306189725, 0.0006495889209477222, -0.00017165387648309863, -8.117885983936598e-05, 2.378955861162165e-05], [0.00012413681145051798, -0.0008987375222286203, 0.0017764522096998432, -0.0007994945513793934, 0.00010809095824912141, -0.00016458192975515973, -6.680074650843398e-05, 4.425044761529668e-05, -1.505072010494967e-06, -1.574746421678716e-06], [-1.5536916347860317, -0.060423488843700836, -0.004066304474778201, 0.0019123739306189725, -0.00016458192975515973, 38.559116272243855, -0.10061267626881555, -0.06419374733296292, 0.0032838096366319285, 1.2382981371154599e-05], [0.04709311653492194, -0.00042894028339238806, -0.0026344364291997625, 0.0006495889209477222, -6.680074650843398e-05, -0.10061267626881555, 0.1895714703613359, -0.040479152013042405, 0.009523921711419305, -0.001025198984466813], [0.001730506466401021, 0.0035548621754491645, -0.0006256147015599999, -0.00017165387648309863, 4.425044761529668e-05, -0.06419374733296292, -0.040479152013042405, 0.05040645013724328, -0.017192682845133537, 0.001986298810703893], [-0.001147352167242883, -0.0009811152071227782, 0.0005995613349435949, -8.117885983936598e-05, -1.505072010494967e-06, 0.0032838096366319285, 0.009523921711419305, -0.017192682845133537, 0.007004996196235536, -0.0008895619619215323], [0.0001226526483013232, 0.00010429755877425599, -9.868969330005876e-05, 2.378955861162165e-05, -1.574746421678716e-06, 1.2382981371154599e-05, -0.001025198984466813, 0.001986298810703893, -0.0008895619619215323, 0.00012022150460742553]], [[40.65488341698602, -0.022717387605917846, -0.05247175585468671, -0.003073150813291602, 0.0021440271095080907, -0.0002372003192813756, -1.555244302466156, 0.051982568027169405, -0.0013797756538268227, 0.00036891388722584684, -0.00033191828991948474, 7.1897977405486e-05], [-0.022717387605917846, 0.1697032090221929, -0.04515199509010889, 0.018435031204238794, -0.004451469914224111, 0.0004086948680010687, -0.060855610645904785, -0.0018506708260468223, 0.005621376295840129, -0.002616552574121333, 0.0006831263190207597, -7.154841336961859e-05], [-0.05247175585468671, -0.04515199509010889, 0.06895271402846619, -0.036898168776588164, 0.00908999210525121, -0.0008510652148095293, -0.005069022374579164, 0.0005967788164862467, -0.0059105804200048715, 0.004401989277557682, -0.0013132926517223642, 0.00014136426347213422], [-0.003073150813291602, 0.018435031204238794, -0.036898168776588164, 0.024307685077584518, -0.006801205812641217, 0.0006977895060656221, 0.0020599156475138206, -0.001551286947828957, 0.003493271897344466, -0.002709991214405966, 0.0008593137959680714, -9.673601346734587e-05], [0.0021440271095080907, -0.004451469914224111, 0.00908999210525121, -0.006801205812641217, 0.0020925337825125428, -0.00023024732051778185, -0.00017290135285762142, 0.0005299571647950598, -0.0009891870100927783, 0.0007490170178081179, -0.00024123254044717865, 2.7722740847584255e-05], [-0.0002372003192813756, 0.0004086948680010687, -0.0008510652148095293, 0.0006977895060656221, -0.00023024732051778185, 2.6667403041685235e-05, 1.165131963938716e-05, -5.7060194821576405e-05, 0.00010296806139346038, -7.619452166257308e-05, 2.461083007513315e-05, -2.85984112853364e-06], [-1.555244302466156, -0.060855610645904785, -0.005069022374579164, 0.0020599156475138206, -0.00017290135285762142, 1.165131963938716e-05, 38.60916201391199, -0.08853338232523728, -0.06239576185074927, 0.0019711425062153565, 0.0006297353829916585, -7.095326395565454e-05], [0.051982568027169405, -0.0018506708260468223, 0.0005967788164862467, -0.001551286947828957, 0.0005299571647950598, -5.7060194821576405e-05, -0.08853338232523728, 0.18888718920437658, -0.04738601277647137, 0.018432342757758628, -0.004315861606475869, 0.00038591617761679755], [-0.0013797756538268227, 0.005621376295840129, -0.0059105804200048715, 0.003493271897344466, -0.0009891870100927783, 0.00010296806139346038, -0.06239576185074927, -0.04738601277647137, 0.07034650680459248, -0.03647640954806119, 0.008743247303288968, -0.0007979832114906984], [0.00036891388722584684, -0.002616552574121333, 0.004401989277557682, -0.002709991214405966, 0.0007490170178081179, -7.619452166257308e-05, 0.0019711425062153565, 0.018432342757758628, -0.03647640954806119, 0.02367210827816167, -0.006551482580269727, 0.0006653961484090742], [-0.00033191828991948474, 0.0006831263190207597, -0.0013132926517223642, 0.0008593137959680714, -0.00024123254044717865, 2.461083007513315e-05, 0.0006297353829916585, -0.004315861606475869, 0.008743247303288968, -0.006551482580269727, 0.002021311950185002, -0.0002225372644787697], [7.1897977405486e-05, -7.154841336961859e-05, 0.00014136426347213422, -9.673601346734587e-05, 2.7722740847584255e-05, -2.85984112853364e-06, -7.095326395565454e-05, 0.00038591617761679755, -0.0007979832114906984, 0.0006653961484090742, -0.0002225372644787697, 2.597373372871476e-05]], [[40.65063724125679, -0.021320471052448862, -0.05014022125464621, -0.0034076759220838275, 0.0019406359264178804, -7.16479306676168e-05, -1.6489656138401123e-05, -1.559336244885058, 0.04872288720872742, -0.00027555879050294996, -0.00033216320404926003, 0.0001428239005966822, -0.00010351523166055013, 1.965890479831344e-05], [-0.021320471052448862, 0.16779468554420915, -0.04034413016375811, 0.011260870770144468, 0.00034430324129758013, -0.0010411850842323822, 0.00016224397939140455, -0.0625472897577532, -0.00181994247133478, 0.004987157412214893, -0.0019771733777656526, 0.0005868374114158154, -0.0001079408515762572, 9.537652551028462e-06], [-0.05014022125464621, -0.04034413016375811, 0.057393474733658245, -0.02264940912445014, 0.0004820529069325241, 0.001607677375692781, -0.00026585810548954646, -0.00549961679001315, -0.0002855260881887284, -0.0034976223491188663, 0.002421550239132077, -0.0007944177831961406, 0.00013199201326046222, -9.654031225135055e-06], [-0.0034076759220838275, 0.011260870770144468, -0.02264940912445014, 0.011263558492898673, -0.0006908555831972977, -0.0007504221419825536, 0.00013758874329447093, 0.002215946059726325, -0.0011636332351947264, 0.0019159476930826155, -0.0011248094659236658, 0.00028659565497929, -2.4988040039711257e-05, -1.770337466712746e-07], [0.0019406359264178804, 0.00034430324129758013, 0.0004820529069325241, -0.0006908555831972977, 0.00016121172988109954, 2.8046846979896048e-05, -9.374544572409208e-06, -3.0268854194373138e-05, 0.0007567576518328646, -0.0008423622505808314, 0.00029215514697286904, 1.1683628593643252e-05, -2.443616827068303e-05, 3.434038812614215e-06], [-7.16479306676168e-05, -0.0010411850842323822, 0.001607677375692781, -0.0007504221419825536, 2.8046846979896048e-05, 5.517435665091732e-05, -9.506166748498754e-06, -9.170372139853757e-05, -0.0002144242648990427, 0.0002235729680332373, -5.009955523150812e-05, -2.4099679156139802e-05, 1.1961418359727088e-05, -1.417360909000991e-06], [-1.6489656138401123e-05, 0.00016224397939140455, -0.00026585810548954646, 0.00013758874329447093, -9.374544572409208e-06, -9.506166748498754e-06, 1.7885915799118189e-06, 1.2172053005884522e-05, 2.3706835709102025e-05, -2.4704758102940554e-05, 4.827790533205161e-06, 3.388309487446236e-06, -1.5242250782688613e-06, 1.7530695085712153e-07], [-1.559336244885058, -0.0625472897577532, -0.00549961679001315, 0.002215946059726325, -3.0268854194373138e-05, -9.170372139853757e-05, 1.2172053005884522e-05, 38.53259933227408, -0.0907169103508757, -0.06754974511424522, 0.006746605474865011, -0.0017216798959590325, 0.0005858367026854448, -6.593415606095688e-05], [0.04872288720872742, -0.00181994247133478, -0.0002855260881887284, -0.0011636332351947264, 0.0007567576518328646, -0.0002144242648990427, 2.3706835709102025e-05, -0.0907169103508757, 0.18814735091789403, -0.044672831580984965, 0.013009926527182188, -0.00010396149093629863, -0.0009719353680842646, 0.00015792597398778154], [-0.00027555879050294996, 0.004987157412214893, -0.0034976223491188663, 0.0019159476930826155, -0.0008423622505808314, 0.0002235729680332373, -2.4704758102940554e-05, -0.06754974511424522, -0.044672831580984965, 0.06231942173938143, -0.024688402016040875, 0.0008362679806526407, 0.0015920459396952772, -0.0002678615358717001], [-0.00033216320404926003, -0.0019771733777656526, 0.002421550239132077, -0.0011248094659236658, 0.00029215514697286904, -5.009955523150812e-05, 4.827790533205161e-06, 0.006746605474865011, 0.013009926527182188, -0.024688402016040875, 0.012276091669127673, -0.0008699623582252234, -0.0007547069956247017, 0.0001413610308658878], [0.0001428239005966822, 0.0005868374114158154, -0.0007944177831961406, 0.00028659565497929, 1.1683628593643252e-05, -2.4099679156139802e-05, 3.388309487446236e-06, -0.0017216798959590325, -0.00010396149093629863, 0.0008362679806526407, -0.0008699623582252234, 0.000174925936962701, 3.95792474147842e-05, -1.1699477800212243e-05], [-0.00010351523166055013, -0.0001079408515762572, 0.00013199201326046222, -2.4988040039711257e-05, -2.443616827068303e-05, 1.1961418359727088e-05, -1.5242250782688613e-06, 0.0005858367026854448, -0.0009719353680842646, 0.0015920459396952772, -0.0007547069956247017, 3.95792474147842e-05, 5.010191475560366e-05, -8.852851028111205e-06], [1.965890479831344e-05, 9.537652551028462e-06, -9.654031225135055e-06, -1.770337466712746e-07, 3.434038812614215e-06, -1.417360909000991e-06, 1.7530695085712153e-07, -6.593415606095688e-05, 0.00015792597398778154, -0.0002678615358717001, 0.0001413610308658878, -1.1699477800212243e-05, -8.852851028111205e-06, 1.7281773961316598e-06]], [[40.690133594382516, -0.017497101318569172, -0.060907530217696286, 0.005685262213938608, -0.0026375286799983195, 0.0010156342468458364, -0.000147858191253839, 1.5883923329731094e-06, -1.54503967424452, 0.04966498327717839, -0.000402998602151891, -0.0008356405701378739, 0.00042108117285027767, -0.00018350834267870587, 2.7041073526343197e-05, -8.856132938960018e-07], [-0.017497101318569172, 0.15717384483619443, -0.025363063892181854, 0.002842086168227194, 0.0016047819421367842, -0.0003383102971337064, -0.0001604636979294856, 3.946571512133139e-05, -0.0614027316871991, -0.002564028946098247, 0.00550897348176951, -0.0016877800544725329, 6.512450855450293e-05, 0.0001457417783423831, -5.0871851648473086e-05, 5.940220293390716e-06], [-0.060907530217696286, -0.025363063892181854, 0.03661259148766878, -0.011112469098144607, -0.0011180671902737197, 0.0006500153345557682, 0.00014920369181338041, -4.881809340410762e-05, -0.0037326230386701287, 0.0008745561702390189, -0.004475266718095975, 0.0022279587345508875, -0.0002894567259444915, -6.92366971991636e-05, 2.468250801200379e-05, -2.399620064680805e-06], [0.005685262213938608, 0.002842086168227194, -0.011112469098144607, 0.005718041439831205, -0.0003024883297019599, -0.0002585631483823107, -1.695146663665088e-05, 1.4451221090297067e-05, 0.0010680108374416708, -0.0011364894135528162, 0.0016154140196685584, -0.00041048640199568565, -8.900409441228435e-05, 2.3840389282773726e-05, 9.11648143425649e-06, -2.000334131061479e-06], [-0.0026375286799983195, 0.0016047819421367842, -0.0011180671902737197, -0.0003024883297019599, 0.00028994580079996855, -1.1165269232828342e-05, -1.9573219351206785e-05, 2.868374719580703e-06, -0.00021405115965041926, 0.00020966693452142073, -0.00020301428496244896, -0.00017982571882888093, 0.00012415291410673766, -3.3012501079207193e-06, -1.0142618301196792e-05, 1.646015868810448e-06], [0.0010156342468458364, -0.0003383102971337064, 0.0006500153345557682, -0.0002585631483823107, -1.1165269232828342e-05, 1.4618447838421308e-05, 2.7013608731645314e-06, -1.0344815326183797e-06, 0.0002958625758351792, 6.0290196978755505e-05, -7.05630293294653e-06, 2.817979151252883e-05, -1.2104730805843622e-05, -1.1320390090088139e-07, 9.100541863016458e-07, -1.3810504424519116e-07], [-0.000147858191253839, -0.0001604636979294856, 0.00014920369181338041, -1.695146663665088e-05, -1.9573219351206785e-05, 2.7013608731645314e-06, 1.6619705325458288e-06, -3.3349392633133314e-07, -0.0001232547138030534, -3.0278178205808156e-05, -6.111953749236584e-07, 1.9303790354960533e-05, -9.678594500237975e-06, 2.378769336509556e-08, 7.723357907507522e-07, -1.1691025854645895e-07], [1.5883923329731094e-06, 3.946571512133139e-05, -4.881809340410762e-05, 1.4451221090297067e-05, 2.868374719580703e-06, -1.0344815326183797e-06, -3.3349392633133314e-07, 9.122846299336785e-08, 1.4943385744815871e-05, 3.467889150586243e-06, 7.301715295610911e-07, -4.015189044951798e-06, 1.8888231636434963e-06, 6.364373084044894e-09, -1.4753120383258865e-07, 2.195137554244976e-08], [-1.54503967424452, -0.0614027316871991, -0.0037326230386701287, 0.0010680108374416708, -0.00021405115965041926, 0.0002958625758351792, -0.0001232547138030534, 1.4943385744815871e-05, 38.596156916242805, -0.0854698680454036, -0.06900703486922012, 0.007800031921360621, -0.0024588064037236804, 0.0010667510342417422, -0.00022923917405202657, 1.838893186357266e-05], [0.04966498327717839, -0.002564028946098247, 0.0008745561702390189, -0.0011364894135528162, 0.00020966693452142073, 6.0290196978755505e-05, -3.0278178205808156e-05, 3.467889150586243e-06, -0.0854698680454036, 0.17932822022171674, -0.03185224706607005, 0.004919626611177327, 0.0015243012011064941, -0.00043345327594196723, -0.00015551454380345687, 4.1174952146574274e-05], [-0.000402998602151891, 0.00550897348176951, -0.004475266718095975, 0.0016154140196685584, -0.00020301428496244896, -7.05630293294653e-06, -6.111953749236584e-07, 7.301715295610911e-07, -0.06900703486922012, -0.03185224706607005, 0.042895341830292234, -0.013163836708487345, -0.0011562939636796824, 0.0007479467348696007, 0.0001548109858950617, -5.211508124472594e-05], [-0.0008356405701378739, -0.0016877800544725329, 0.0022279587345508875, -0.00041048640199568565, -0.00017982571882888093, 2.817979151252883e-05, 1.9303790354960533e-05, -4.015189044951798e-06, 0.007800031921360621, 0.004919626611177327, -0.013163836708487345, 0.006357809075066595, -0.00021655054198351607, -0.00031076730633027087, -2.101560279398539e-05, 1.6448229691906624e-05], [0.00042108117285027767, 6.512450855450293e-05, -0.0002894567259444915, -8.900409441228435e-05, 0.00012415291410673766, -1.2104730805843622e-05, -9.678594500237975e-06, 1.8888231636434963e-06, -0.0024588064037236804, 0.0015243012011064941, -0.0011562939636796824, -0.00021655054198351607, 0.0002585000008273448, -9.737576735660148e-06, -1.7516575768105556e-05, 2.47316361746946e-06], [-0.00018350834267870587, 0.0001457417783423831, -6.92366971991636e-05, 2.3840389282773726e-05, -3.3012501079207193e-06, -1.1320390090088139e-07, 2.378769336509556e-08, 6.364373084044894e-09, 0.0010667510342417422, -0.00043345327594196723, 0.0007479467348696007, -0.00031076730633027087, -9.737576735660148e-06, 1.7303372901450834e-05, 2.587392314002081e-06, -1.0879032690570596e-06], [2.7041073526343197e-05, -5.0871851648473086e-05, 2.468250801200379e-05, 9.11648143425649e-06, -1.0142618301196792e-05, 9.100541863016458e-07, 7.723357907507522e-07, -1.4753120383258865e-07, -0.00022923917405202657, -0.00015551454380345687, 0.0001548109858950617, -2.101560279398539e-05, -1.7516575768105556e-05, 2.587392314002081e-06, 1.4933311932994926e-06, -2.9980488276781366e-07], [-8.856132938960018e-07, 5.940220293390716e-06, -2.399620064680805e-06, -2.000334131061479e-06, 1.646015868810448e-06, -1.3810504424519116e-07, -1.1691025854645895e-07, 2.195137554244976e-08, 1.838893186357266e-05, 4.1174952146574274e-05, -5.211508124472594e-05, 1.6448229691906624e-05, 2.47316361746946e-06, -1.0879032690570596e-06, -2.9980488276781366e-07, 8.662596310883654e-08]]], "B_list": [{"B_diag": [0.14200202063467476], "B_by_diag": [-0.00010587793644461523]}, {"B_diag": [0.002014974462047703], "B_by_diag": [-7.828360047841874e-06]}, {"B_diag": [0.0001571738513029573], "B_by_diag": [-2.5525615461406295e-06]}, {"B_diag": [4.250303046023649e-05], "B_by_diag": [-5.989093266921938e-07]}, {"B_diag": [2.4302955385832067e-05], "B_by_diag": [-4.038865070229926e-07]}, {"B_diag": [1.866301781696669e-05], "B_by_diag": [-2.2862122799306052e-07]}, {"B_diag": [1.8331347844457947e-05], "B_by_diag": [-4.226763771741419e-07]}, {"B_diag": [1.8278246378374672e-05], "B_by_diag": [-5.579873274685448e-07]}], "bic_scores": [46.31018078395579, -61.85876179642324, -110.96347040582498, -117.58262942029886, -97.34279436515374, -62.670433715528674, -16.874190820587245, 36.09868890955309], "best_bic": -117.58262942029886, "best_bic_A": [[40.61775927388892, -0.023631133152641776, -0.06004773835293307, 0.004384004796530614, -1.5644257313665637, 0.05187553168820682, -0.0004516184005199519, -0.00043138981133025646], [-0.023631133152641776, 0.17272940058500286, -0.023745855305867293, 0.0015955964305430783, -0.06147174899981875, 0.00038853086546562424, 0.0029958756693320714, -0.00045622937426052974], [-0.06004773835293307, -0.023745855305867293, 0.016560678815502765, -0.0022585703055867557, -0.0005777426785467495, -0.002937344522883234, -0.00018276416700944414, 0.00013764496198611926], [0.004384004796530614, 0.0015955964305430783, -0.0022585703055867557, 0.00038545247606675166, 0.0004425118010846492, 0.00039341794128017866, -6.948048933765036e-05, -6.089248302750195e-06], [-1.5644257313665637, -0.06147174899981875, -0.0005777426785467495, 0.0004425118010846492, 38.597156957748915, -0.10140878655703192, -0.06477425042848887, 0.004002065857587483], [0.05187553168820682, 0.00038853086546562424, -0.002937344522883234, 0.00039341794128017866, -0.10140878655703192, 0.19391691901364855, -0.025768028588234945, 0.0017404318230323584], [-0.0004516184005199519, 0.0029958756693320714, -0.00018276416700944414, -6.948048933765036e-05, -0.06477425042848887, -0.025768028588234945, 0.017886311810070523, -0.00244975680738396], [-0.00043138981133025646, -0.00045622937426052974, 0.00013764496198611926, -6.089248302750195e-06, 0.004002065857587483, 0.0017404318230323584, -0.00244975680738396, 0.0004204359894505111]], "best_bic_B": {"B_diag": [4.250303046023649e-05], "B_by_diag": [-5.989093266921938e-07]}, "best_bic_deg": 4, "best_bic_deg_idx": 3, "aic_scores": [42.72521277274293, -70.46268502333412, -127.45432325740416, -144.82838630551663, -138.2114296929804, -120.02992189493452, -93.59250626054256, -62.846428199922], "best_aic": -144.82838630551663, "best_aic_A": [[40.61775927388892, -0.023631133152641776, -0.06004773835293307, 0.004384004796530614, -1.5644257313665637, 0.05187553168820682, -0.0004516184005199519, -0.00043138981133025646], [-0.023631133152641776, 0.17272940058500286, -0.023745855305867293, 0.0015955964305430783, -0.06147174899981875, 0.00038853086546562424, 0.0029958756693320714, -0.00045622937426052974], [-0.06004773835293307, -0.023745855305867293, 0.016560678815502765, -0.0022585703055867557, -0.0005777426785467495, -0.002937344522883234, -0.00018276416700944414, 0.00013764496198611926], [0.004384004796530614, 0.0015955964305430783, -0.0022585703055867557, 0.00038545247606675166, 0.0004425118010846492, 0.00039341794128017866, -6.948048933765036e-05, -6.089248302750195e-06], [-1.5644257313665637, -0.06147174899981875, -0.0005777426785467495, 0.0004425118010846492, 38.597156957748915, -0.10140878655703192, -0.06477425042848887, 0.004002065857587483], [0.05187553168820682, 0.00038853086546562424, -0.002937344522883234, 0.00039341794128017866, -0.10140878655703192, 0.19391691901364855, -0.025768028588234945, 0.0017404318230323584], [-0.0004516184005199519, 0.0029958756693320714, -0.00018276416700944414, -6.948048933765036e-05, -0.06477425042848887, -0.025768028588234945, 0.017886311810070523, -0.00244975680738396], [-0.00043138981133025646, -0.00045622937426052974, 0.00013764496198611926, -6.089248302750195e-06, 0.004002065857587483, 0.0017404318230323584, -0.00244975680738396, 0.0004204359894505111]], "best_aic_B": {"B_diag": [4.250303046023649e-05], "B_by_diag": [-5.989093266921938e-07]}, "best_aic_deg": 4, "best_aic_deg_idx": 3, "lr": 0.001, "optimizer": null, "epochs": 100, "best_epochs": [96, 87, 81, 79, 97, 99, 99, 99], "batch_size": 1024}