{"degree": [1, 2, 3, 4, 5, 6, 7, 8], "losses": [55.86316800343174, -55.611226299650035, -102.29347213279898, -117.57516982150949, -123.6301235745979, -124.72812023052073, -126.63495107822149, -126.81276571812981], "A_list": [[[39.84577521900212, -1.2400408879191083], [-1.2400408879191083, 43.679938467022055]], [[39.96734370008379, -0.28154441294760707, -1.1003283169105507, 0.14959550356217716], [-0.28154441294760707, 0.23368930307448532, -0.18891222285953377, 6.634586414353253e-06], [-1.1003283169105507, -0.18891222285953377, 44.09235022572612, -0.38694777738781566], [0.14959550356217716, 6.634586414353253e-06, -0.38694777738781566, 0.2562683074338107]], [[38.65783648073377, -0.07877310108382937, -0.04865148314936929, -1.0646112273555766, 0.16867710894734872, -0.012269801369122122], [-0.07877310108382937, 0.36734442401400413, -0.03182604735174306, -0.20582757262804546, 0.0034450604099142378, 0.003835764480369548], [-0.04865148314936929, -0.03182604735174306, 0.00735894854447636, 0.0082833151997129, -0.0035141630839144056, 2.4261350185803126e-05], [-1.0646112273555766, -0.20582757262804546, 0.0082833151997129, 41.592656571522404, -0.15226351314798495, -0.06042478751977389], [0.16867710894734872, 0.0034450604099142378, -0.0035141630839144056, -0.15226351314798495, 0.40609755593945385, -0.034933198686215465], [-0.012269801369122122, 0.003835764480369548, 2.4261350185803126e-05, -0.06042478751977389, -0.034933198686215465, 0.008086556728608023]], [[39.43396292321541, 0.011640482701646098, -0.09295842817286513, 0.0074167192358648906, -1.081493679612731, 0.16115234828090869, -0.0027161775047124994, -0.0022981578001007694], [0.011640482701646098, 0.4178627152382219, -0.08692205925005966, 0.009178144056429334, -0.1896238953724005, 0.0009429472307066178, 0.006546697178345711, -0.000763638852621974], [-0.09295842817286513, -0.08692205925005966, 0.05446481432223677, -0.008023275793064269, -0.001217278090659722, -0.005296391898272803, -0.0005025538499751871, 0.00016443139799544643], [0.0074167192358648906, 0.009178144056429334, -0.008023275793064269, 0.0013616245557271124, 0.002093530806725537, 0.0005670361218922181, -2.780584287498586e-05, -7.169992141406139e-06], [-1.081493679612731, -0.1896238953724005, -0.001217278090659722, 0.002093530806725537, 43.6133058144598, -0.059854004310249974, -0.10016028311420032, 0.009389948699102993], [0.16115234828090869, 0.0009429472307066178, -0.005296391898272803, 0.0005670361218922181, -0.059854004310249974, 0.4659161474213745, -0.09683043373470628, 0.010288837228015655], [-0.0027161775047124994, 0.006546697178345711, -0.0005025538499751871, -2.780584287498586e-05, -0.10016028311420032, -0.09683043373470628, 0.05938910843076473, -0.008743468221269458], [-0.0022981578001007694, -0.000763638852621974, 0.00016443139799544643, -7.169992141406139e-06, 0.009389948699102993, 0.010288837228015655, -0.008743468221269458, 0.0014850258561659748]], [[39.4641787266382, -0.009346332767446343, -0.05458889794844262, -0.0081535929996396, 0.0020297999927052237, -1.1393494254407406, 0.16139599741629418, 0.009324885201556344, -0.005691318701253399, 0.00046883444571575397], [-0.009346332767446343, 0.5765504806451506, -0.2804915243773423, 0.08920834885231885, -0.010717248508178555, -0.19509147587372286, -0.004206678338837109, 0.009422460392919345, -0.0021840759602188087, 0.00021282269954882622], [-0.05458889794844262, -0.2804915243773423, 0.2871315349654164, -0.10355165335066333, 0.01287202068508435, -0.009952913778695003, -0.0013452021891200779, -0.005285040138900823, 0.002586510372250017, -0.0003359924862768295], [-0.0081535929996396, 0.08920834885231885, -0.10355165335066333, 0.04051334982642282, -0.005282065405362677, 0.004732140067830175, -0.0007084121003786758, 0.0016259136538879615, -0.0008466960177302667, 0.00011586719208751951], [0.0020297999927052237, -0.010717248508178555, 0.01287202068508435, -0.005282065405362677, 0.0007132842287845154, -0.000303301423865154, 0.00013282995760970082, -0.00017675199614329237, 9.020816108566506e-05, -1.2437302241704557e-05], [-1.1393494254407406, -0.19509147587372286, -0.009952913778695003, 0.004732140067830175, -0.000303301423865154, 43.31600180296514, -0.06562448836410248, -0.060745240142489464, -0.012116844501009716, 0.0027035080433934567], [0.16139599741629418, -0.004206678338837109, -0.0013452021891200779, -0.0007084121003786758, 0.00013282995760970082, -0.06562448836410248, 0.6310971541274439, -0.30712098653756054, 0.09766662180961937, -0.011646557554261444], [0.009324885201556344, 0.009422460392919345, -0.005285040138900823, 0.0016259136538879615, -0.00017675199614329237, -0.060745240142489464, -0.30712098653756054, 0.3142515402292843, -0.1134454031554725, 0.014039176105255074], [-0.005691318701253399, -0.0021840759602188087, 0.002586510372250017, -0.0008466960177302667, 9.020816108566506e-05, -0.012116844501009716, 0.09766662180961937, -0.1134454031554725, 0.044481786407581776, -0.005772467533082572], [0.00046883444571575397, 0.00021282269954882622, -0.0003359924862768295, 0.00011586719208751951, -1.2437302241704557e-05, 0.0027035080433934567, -0.011646557554261444, 0.014039176105255074, -0.005772467533082572, 0.0007753662285379018]], [[39.57960386385528, 0.006859309741204403, -0.07065425477352386, -0.0017787403389802078, 0.00047410495540274177, 0.00020281442359682775, -1.22697729589175, 0.15294795498175226, 0.005433433771469487, -0.0027125982783817726, -0.0005780162408856176, 6.6268011109572e-05], [0.006859309741204403, 0.4659085638953779, -0.16646294123647992, 0.03453427240758259, 0.001966637154515966, -0.0011945652798514182, -0.2046876861858627, -0.00426467950627885, 0.013324262784658883, -0.004261577556696119, 0.0007283866193038857, -4.154198834115721e-05], [-0.07065425477352386, -0.16646294123647992, 0.17185055340772792, -0.0579814102819845, 0.005279616360100462, 0.0004215453248734449, -0.005460447514081996, 0.0027593964491581593, -0.011782913691983006, 0.006912698825842399, -0.0016900493769356068, 0.0001491162405464453], [-0.0017787403389802078, 0.03453427240758259, -0.0579814102819845, 0.03135819942941245, -0.0068082509017429816, 0.0004815911451754319, 0.003078831322128626, -0.0042347259375383264, 0.006970870237494668, -0.004602936818966859, 0.0013042161801747434, -0.0001338870061024586], [0.00047410495540274177, 0.001966637154515966, 0.005279616360100462, -0.0068082509017429816, 0.0025075003177457266, -0.0002982266307815688, -6.83653542911776e-05, 0.0012396708304379606, -0.0019261654082331353, 0.0013374599777735362, -0.000407812345803496, 4.478779310069077e-05], [0.00020281442359682775, -0.0011945652798514182, 0.0004215453248734449, 0.0004815911451754319, -0.0002982266307815688, 4.447726846309674e-05, -1.711748364116365e-05, -0.00012890937156263214, 0.00020783218460486514, -0.00014895720989971376, 4.7103245179598296e-05, -5.3242415627033105e-06], [-1.22697729589175, -0.2046876861858627, -0.005460447514081996, 0.003078831322128626, -6.83653542911776e-05, -1.711748364116365e-05, 43.58822558315827, -0.051675712117811946, -0.08695135333691523, -0.0016689616927115652, 0.0012506832548594762, 4.7832373788130045e-05], [0.15294795498175226, -0.00426467950627885, 0.0027593964491581593, -0.0042347259375383264, 0.0012396708304379606, -0.00012890937156263214, -0.051675712117811946, 0.5199302708815312, -0.18879103495113536, 0.04128779501722354, 0.0011244351952026574, -0.0011837895434993848], [0.005433433771469487, 0.013324262784658883, -0.011782913691983006, 0.006970870237494668, -0.0019261654082331353, 0.00020783218460486514, -0.08695135333691523, -0.18879103495113536, 0.19816929214297618, -0.0700597387540046, 0.007799802373798549, 0.00023174457738955523], [-0.0027125982783817726, -0.004261577556696119, 0.006912698825842399, -0.004602936818966859, 0.0013374599777735362, -0.00014895720989971376, -0.0016689616927115652, 0.04128779501722354, -0.0700597387540046, 0.03853531125123058, -0.008726815239589113, 0.000669671313207164], [-0.0005780162408856176, 0.0007283866193038857, -0.0016900493769356068, 0.0013042161801747434, -0.000407812345803496, 4.7103245179598296e-05, 0.0012506832548594762, 0.0011244351952026574, 0.007799802373798549, -0.008726815239589113, 0.0031226115137807436, -0.0003677046931807328], [6.6268011109572e-05, -4.154198834115721e-05, 0.0001491162405464453, -0.0001338870061024586, 4.478779310069077e-05, -5.3242415627033105e-06, 4.7832373788130045e-05, -0.0011837895434993848, 0.00023174457738955523, 0.000669671313207164, -0.0003677046931807328, 5.308537597460756e-05]], [[39.226559768826725, -0.003852656441790507, -0.03039694901742956, -0.02348907419661024, 0.004962697134374624, 0.00041071893385211843, -0.00012553794035280894, -1.0140355595709256, 0.15754250929615776, -0.00017665436554492597, 0.0013603005677146618, -0.0016352690359950316, 0.0002882128821503689, -9.750462051292165e-06], [-0.003852656441790507, 0.5580814469555008, -0.2931958250376277, 0.09721626215488612, -0.0024740162624345132, -0.005596183649220991, 0.0008535462164309565, -0.18206950638703512, -0.0010775269042633331, 0.01135551820947521, -0.0028807818030283424, -0.0003539041143055489, 0.00034293064682547255, -4.3954559421537136e-05], [-0.03039694901742956, -0.2931958250376277, 0.34693086300170967, -0.1395230979863495, 0.006754421490088358, 0.008129826892280948, -0.0013805500491065993, -0.025575549319015522, 0.0023065912268006375, -0.009586869655202064, 0.004374664804040813, -4.97059129733789e-05, -0.00035812001347779957, 5.551031936449915e-05], [-0.02348907419661024, 0.09721626215488612, -0.1395230979863495, 0.06552149482684719, -0.0047192209795838425, -0.003924349354891447, 0.0007327567583703161, 0.01761947369962255, -0.002934085154565633, 0.004691844586213868, -0.002158207527120497, 6.277095763035259e-05, 0.00016966314100241023, -2.76879210554455e-05], [0.004962697134374624, -0.0024740162624345132, 0.006754421490088358, -0.0047192209795838425, 0.0006305200342202429, 0.00029982513977732837, -6.936249630753322e-05, -0.005729900247606168, 0.00043113855245703885, -0.0008327999864491539, 0.0003477533953034674, -8.755805975252298e-06, -2.448483297913016e-05, 3.944481874539496e-06], [0.00041071893385211843, -0.005596183649220991, 0.008129826892280948, -0.003924349354891447, 0.00029982513977732837, 0.00023697182502462828, -4.4973544557832744e-05, 0.0009452673444571652, 7.06644426994774e-05, -3.658605714009855e-05, 2.750252413549531e-05, -1.4434350280556992e-06, -4.335663816661462e-06, 8.330317884827695e-07], [-0.00012553794035280894, 0.0008535462164309565, -0.0013805500491065993, 0.0007327567583703161, -6.936249630753322e-05, -4.4973544557832744e-05, 9.178012813167706e-06, -5.576834111252781e-05, -1.5187875111644366e-05, 1.4869948607154398e-05, -7.732100588722993e-06, 1.3196137908241752e-07, 1.0483236853079679e-06, -1.9249816993265258e-07], [-1.0140355595709256, -0.18206950638703512, -0.025575549319015522, 0.01761947369962255, -0.005729900247606168, 0.0009452673444571652, -5.576834111252781e-05, 43.78465579276492, -0.07270824505278273, -0.0571709053243048, -0.009692966186366253, -0.0029611150394181327, 0.0027055139978180544, -0.000382294691560233], [0.15754250929615776, -0.0010775269042633331, 0.0023065912268006375, -0.002934085154565633, 0.00043113855245703885, 7.06644426994774e-05, -1.5187875111644366e-05, -0.07270824505278273, 0.6185430977803001, -0.32467594876522266, 0.10824071879256443, -0.0030220472974743268, -0.006196024597339413, 0.0009644530625597641], [-0.00017665436554492597, 0.01135551820947521, -0.009586869655202064, 0.004691844586213868, -0.0008327999864491539, -3.658605714009855e-05, 1.4869948607154398e-05, -0.0571709053243048, -0.32467594876522266, 0.38390892318896525, -0.15547351134201046, 0.008040728442579246, 0.008898115884108986, -0.0015326698530027953], [0.0013603005677146618, -0.0028807818030283424, 0.004374664804040813, -0.002158207527120497, 0.0003477533953034674, 2.750252413549531e-05, -7.732100588722993e-06, -0.009692966186366253, 0.10824071879256443, -0.15547351134201046, 0.07378785491254833, -0.005623392734078495, -0.004312494886936474, 0.0008188216610987316], [-0.0016352690359950316, -0.0003539041143055489, -4.97059129733789e-05, 6.277095763035259e-05, -8.755805975252298e-06, -1.4434350280556992e-06, 1.3196137908241752e-07, -0.0029611150394181327, -0.0030220472974743268, 0.008040728442579246, -0.005623392734078495, 0.000762961751333262, 0.0003439943232667012, -8.051811878824293e-05], [0.0002882128821503689, 0.00034293064682547255, -0.00035812001347779957, 0.00016966314100241023, -2.448483297913016e-05, -4.335663816661462e-06, 1.0483236853079679e-06, 0.0027055139978180544, -0.006196024597339413, 0.008898115884108986, -0.004312494886936474, 0.0003439943232667012, 0.0002537468743563215, -4.8808359580762814e-05], [-9.750462051292165e-06, -4.3954559421537136e-05, 5.551031936449915e-05, -2.76879210554455e-05, 3.944481874539496e-06, 8.330317884827695e-07, -1.9249816993265258e-07, -0.000382294691560233, 0.0009644530625597641, -0.0015326698530027953, 0.0008188216610987316, -8.051811878824293e-05, -4.8808359580762814e-05, 1.0108203041430596e-05]], [[39.490479663738505, -0.006496676349016442, -0.054610070560113896, 0.00044466639313317155, -0.003749880266498292, -1.8018440679118626e-05, 0.0008142738218789181, -0.00015330213807557334, -1.28696007086352, 0.1590394823863912, -0.0004926082210190482, 0.004223504567730641, -0.002562352055860329, 0.0003019611220069308, 9.213320093676678e-05, -1.1731008985236419e-05], [-0.006496676349016442, 0.5630532054265381, -0.2815915108887122, 0.07216077653939602, 0.008456844452125039, -0.0037733501393665773, -0.0011542306028055414, 0.00032056890964958593, -0.20764027371324437, -0.0026069101393797153, 0.009782102016384209, -0.0017923903765186457, -0.00044663399944996955, 0.00012038757493501249, 5.568789800510413e-05, -1.46888173281766e-05], [-0.054610070560113896, -0.2815915108887122, 0.3080742200120254, -0.09775120495969976, -0.006982768587395043, 0.004932748142057768, 0.0012585511809318488, -0.0003931998530264839, -0.01871623069570471, 0.00013162060293765552, -0.00392976736134323, 0.001241741680697347, 0.0005060426583836063, -0.00017425110483892386, -3.114827297767871e-05, 1.1622573989556523e-05], [0.00044466639313317155, 0.07216077653939602, -0.09775120495969976, 0.03712081612617544, 0.0013272157181254238, -0.0019272174838322474, -0.00041108671070879435, 0.00014842050154133322, 0.010775567816988801, -0.002073246052848048, 0.0015584778305356897, -0.0006964594025441905, -8.737451027360365e-05, 6.616619550993847e-05, 5.789378222893243e-06, -3.851502804802979e-06], [-0.003749880266498292, 0.008456844452125039, -0.006982768587395043, 0.0013272157181254238, 0.000352605430168902, -5.75407849835307e-05, -3.1032606589651085e-05, 5.488798179297901e-06, -0.0016750601852637006, 0.0002571742242991288, -0.00015047551250878976, 0.00010074333218911715, -2.7767762468213824e-05, -1.9694820922067e-06, 1.4557581503689277e-06, -5.206385706328271e-08], [-1.8018440679118626e-05, -0.0037733501393665773, 0.004932748142057768, -0.0019272174838322474, -5.75407849835307e-05, 0.00010113654445523226, 2.0901418772200482e-05, -7.761774589356676e-06, -0.00040792273865702104, 3.40619578449867e-05, -3.983428217483915e-06, 1.2356897057473119e-05, 2.933291721491581e-06, -2.1059237863427207e-06, -4.82936742708652e-08, 1.0323786740718382e-07], [0.0008142738218789181, -0.0011542306028055414, 0.0012585511809318488, -0.00041108671070879435, -3.1032606589651085e-05, 2.0901418772200482e-05, 5.508137524194973e-06, -1.674410080904514e-06, 0.00023392471244695575, 1.1879005814946485e-05, -1.6804688420785286e-05, 6.48626681586365e-08, 3.135999675044448e-06, -4.041669652259479e-07, -1.7408454452739522e-07, 3.594090899917284e-08], [-0.00015330213807557334, 0.00032056890964958593, -0.0003931998530264839, 0.00014842050154133322, 5.488798179297901e-06, -7.761774589356676e-06, -1.674410080904514e-06, 6.010703153040862e-07, -3.0438142813532043e-05, -3.829337087183704e-06, 3.530930647063281e-06, -7.291541731794134e-07, -5.498801471154759e-07, 1.465037835172097e-07, 2.1324101205488762e-08, -8.37030867546257e-09], [-1.28696007086352, -0.20764027371324437, -0.01871623069570471, 0.010775567816988801, -0.0016750601852637006, -0.00040792273865702104, 0.00023392471244695575, -3.0438142813532043e-05, 43.66039287917556, -0.11262831504418629, -0.02111527734453677, -0.029581205507635076, 0.0025606549115960954, 0.0017916253371767147, -0.00034022702201853887, 3.945217979045219e-06], [0.1590394823863912, -0.0026069101393797153, 0.00013162060293765552, -0.002073246052848048, 0.0002571742242991288, 3.40619578449867e-05, 1.1879005814946485e-05, -3.829337087183704e-06, -0.11262831504418629, 0.6111962093949667, -0.30071235642391403, 0.07777922263101159, 0.008771138720190617, -0.0040624036212220304, -0.0011900496023824403, 0.00033289487739576507], [-0.0004926082210190482, 0.009782102016384209, -0.00392976736134323, 0.0015584778305356897, -0.00015047551250878976, -3.983428217483915e-06, -1.6804688420785286e-05, 3.530930647063281e-06, -0.02111527734453677, -0.30071235642391403, 0.32895146041435325, -0.10502970886162935, -0.007195768960170246, 0.005273907585202061, 0.0013304037913562698, -0.00041618117848607434], [0.004223504567730641, -0.0017923903765186457, 0.001241741680697347, -0.0006964594025441905, 0.00010074333218911715, 1.2356897057473119e-05, 6.48626681586365e-08, -7.291541731794134e-07, -0.029581205507635076, 0.07777922263101159, -0.10502970886162935, 0.0405189845985435, 0.0012467857221515521, -0.0020835606263921148, -0.00043602752304402803, 0.00015910327827135175], [-0.002562352055860329, -0.00044663399944996955, 0.0005060426583836063, -8.737451027360365e-05, -2.7767762468213824e-05, 2.933291721491581e-06, 3.135999675044448e-06, -5.498801471154759e-07, 0.0025606549115960954, 0.008771138720190617, -0.007195768960170246, 0.0012467857221515521, 0.0003869501982046369, -5.286270332490295e-05, -3.273036806693534e-05, 5.276623304333799e-06], [0.0003019611220069308, 0.00012038757493501249, -0.00017425110483892386, 6.616619550993847e-05, -1.9694820922067e-06, -2.1059237863427207e-06, -4.041669652259479e-07, 1.465037835172097e-07, 0.0017916253371767147, -0.0040624036212220304, 0.005273907585202061, -0.0020835606263921148, -5.286270332490295e-05, 0.00010835274376021429, 2.1970753061391638e-05, -8.24322147109322e-06], [9.213320093676678e-05, 5.568789800510413e-05, -3.114827297767871e-05, 5.789378222893243e-06, 1.4557581503689277e-06, -4.82936742708652e-08, -1.7408454452739522e-07, 2.1324101205488762e-08, -0.00034022702201853887, -0.0011900496023824403, 0.0013304037913562698, -0.00043602752304402803, -3.273036806693534e-05, 2.1970753061391638e-05, 5.87058139479695e-06, -1.7563879721563648e-06], [-1.1731008985236419e-05, -1.46888173281766e-05, 1.1622573989556523e-05, -3.851502804802979e-06, -5.206385706328271e-08, 1.0323786740718382e-07, 3.594090899917284e-08, -8.37030867546257e-09, 3.945217979045219e-06, 0.00033289487739576507, -0.00041618117848607434, 0.00015910327827135175, 5.276623304333799e-06, -8.24322147109322e-06, -1.7563879721563648e-06, 6.329706799051807e-07]]], "B_list": [{"B_d": [[0.16719432203988974], [5.4940672081462005e-06], [5.608422653382046e-07]], "B_theta": [1.3983408137581966e-07], "B_const": [0.18987567341906014]}, {"B_d": [[0.0019529180721814382], [3.6408418181416203e-06], [8.163343751331447e-07]], "B_theta": [6.481052238805545e-09], "B_const": [0.003855308942164746]}, {"B_d": [[0.00026149096615438845], [2.7807567168643084e-06], [7.960062254627749e-07]], "B_theta": [1.1498716160712696e-07], "B_const": [0.0003631426369470743]}, {"B_d": [[5.912194641301943e-05], [4.202202849295241e-06], [6.351122756271108e-07]], "B_theta": [1.1335501372947862e-07], "B_const": [0.00014830110170544288]}, {"B_d": [[4.632508338409219e-06], [4.031002405601335e-06], [5.221110657800168e-07]], "B_theta": [9.109060293758126e-08], "B_const": [9.559931261010961e-05]}, {"B_d": [[1.3518172575565915e-05], [1.7220929622886084e-06], [5.36746240521533e-07]], "B_theta": [8.650936750683086e-08], "B_const": [8.262128788160344e-05]}, {"B_d": [[8.794751725149094e-06], [7.344578025067425e-07], [5.129623184925813e-07]], "B_theta": [7.939732442452674e-08], "B_const": [7.716399452480365e-05]}, {"B_d": [[1.7853398993754347e-06], [1.6799104036127827e-06], [4.71080691937685e-07]], "B_theta": [7.715639789562347e-08], "B_const": [7.523745176794391e-05]}], "bic_scores": [69.59911682137232, -29.85632226601144, -57.65163847449208, -47.17843212956399, -20.61050744004352, 17.78234875561283, 62.234345168461545, 115.283332198073], "best_bic": -57.65163847449208, "best_bic_A": [[38.65783648073377, -0.07877310108382937, -0.04865148314936929, -1.0646112273555766, 0.16867710894734872, -0.012269801369122122], [-0.07877310108382937, 0.36734442401400413, -0.03182604735174306, -0.20582757262804546, 0.0034450604099142378, 0.003835764480369548], [-0.04865148314936929, -0.03182604735174306, 0.00735894854447636, 0.0082833151997129, -0.0035141630839144056, 2.4261350185803126e-05], [-1.0646112273555766, -0.20582757262804546, 0.0082833151997129, 41.592656571522404, -0.15226351314798495, -0.06042478751977389], [0.16867710894734872, 0.0034450604099142378, -0.0035141630839144056, -0.15226351314798495, 0.40609755593945385, -0.034933198686215465], [-0.012269801369122122, 0.003835764480369548, 2.4261350185803126e-05, -0.06042478751977389, -0.034933198686215465, 0.008086556728608023]], "best_bic_B": {"B_d": [[0.00026149096615438845], [2.7807567168643084e-06], [7.960062254627749e-07]], "B_theta": [1.1498716160712696e-07], "B_const": [0.0003631426369470743]}, "best_bic_deg": 3, "best_bic_deg_idx": 2, "aic_scores": [63.86316800343174, -40.611226299650035, -76.29347213279898, -76.57516982150949, -63.6301235745979, -41.72812023052073, -16.63495107822149, 14.18723428187019], "best_aic": -76.57516982150949, "best_aic_A": [[39.43396292321541, 0.011640482701646098, -0.09295842817286513, 0.0074167192358648906, -1.081493679612731, 0.16115234828090869, -0.0027161775047124994, -0.0022981578001007694], [0.011640482701646098, 0.4178627152382219, -0.08692205925005966, 0.009178144056429334, -0.1896238953724005, 0.0009429472307066178, 0.006546697178345711, -0.000763638852621974], [-0.09295842817286513, -0.08692205925005966, 0.05446481432223677, -0.008023275793064269, -0.001217278090659722, -0.005296391898272803, -0.0005025538499751871, 0.00016443139799544643], [0.0074167192358648906, 0.009178144056429334, -0.008023275793064269, 0.0013616245557271124, 0.002093530806725537, 0.0005670361218922181, -2.780584287498586e-05, -7.169992141406139e-06], [-1.081493679612731, -0.1896238953724005, -0.001217278090659722, 0.002093530806725537, 43.6133058144598, -0.059854004310249974, -0.10016028311420032, 0.009389948699102993], [0.16115234828090869, 0.0009429472307066178, -0.005296391898272803, 0.0005670361218922181, -0.059854004310249974, 0.4659161474213745, -0.09683043373470628, 0.010288837228015655], [-0.0027161775047124994, 0.006546697178345711, -0.0005025538499751871, -2.780584287498586e-05, -0.10016028311420032, -0.09683043373470628, 0.05938910843076473, -0.008743468221269458], [-0.0022981578001007694, -0.000763638852621974, 0.00016443139799544643, -7.169992141406139e-06, 0.009389948699102993, 0.010288837228015655, -0.008743468221269458, 0.0014850258561659748]], "best_aic_B": {"B_d": [[5.912194641301943e-05], [4.202202849295241e-06], [6.351122756271108e-07]], "B_theta": [1.1335501372947862e-07], "B_const": [0.00014830110170544288]}, "best_aic_deg": 4, "best_aic_deg_idx": 3, "lr": [{"class_name": "PiecewiseConstantDecay", "config": {"boundaries": [8790], "values": [0.005, 0.005], "name": null}}, {"class_name": "PiecewiseConstantDecay", "config": {"boundaries": [8790], "values": [0.005, 0.005], "name": null}}, {"class_name": "PiecewiseConstantDecay", "config": {"boundaries": [8790], "values": [0.005, 0.005], "name": null}}, {"class_name": "PiecewiseConstantDecay", "config": {"boundaries": [8790], "values": [0.005, 0.005], "name": null}}, {"class_name": "PiecewiseConstantDecay", "config": {"boundaries": [8790], "values": [0.005, 0.005], "name": null}}, {"class_name": "PiecewiseConstantDecay", "config": {"boundaries": [8790], "values": [0.005, 0.005], "name": null}}, {"class_name": "PiecewiseConstantDecay", "config": {"boundaries": [8790], "values": [0.005, 0.005], "name": null}}, {"class_name": "PiecewiseConstantDecay", "config": {"boundaries": [8790], "values": [0.005, 0.005], "name": null}}], "optimizer": [{"class_name": "Adam", "config": {"name": "Adam", "learning_rate": 0.005, "decay": 0.0, "beta_1": 0.9, "beta_2": 0.999, "epsilon": 1e-07, "amsgrad": false}}, {"class_name": "Adam", "config": {"name": "Adam", "learning_rate": 0.005, "decay": 0.0, "beta_1": 0.9, "beta_2": 0.999, "epsilon": 1e-07, "amsgrad": false}}, {"class_name": "Adam", "config": {"name": "Adam", "learning_rate": 0.005, "decay": 0.0, "beta_1": 0.9, "beta_2": 0.999, "epsilon": 1e-07, "amsgrad": false}}, {"class_name": "Adam", "config": {"name": "Adam", "learning_rate": 0.005, "decay": 0.0, "beta_1": 0.9, "beta_2": 0.999, "epsilon": 1e-07, "amsgrad": false}}, {"class_name": "Adam", "config": {"name": "Adam", "learning_rate": 0.005, "decay": 0.0, "beta_1": 0.9, "beta_2": 0.999, "epsilon": 1e-07, "amsgrad": false}}, {"class_name": "Adam", "config": {"name": "Adam", "learning_rate": 0.005, "decay": 0.0, "beta_1": 0.9, "beta_2": 0.999, "epsilon": 1e-07, "amsgrad": false}}, {"class_name": "Adam", "config": {"name": "Adam", "learning_rate": 0.005, "decay": 0.0, "beta_1": 0.9, "beta_2": 0.999, "epsilon": 1e-07, "amsgrad": false}}, {"class_name": "Adam", "config": {"name": "Adam", "learning_rate": 0.005, "decay": 0.0, "beta_1": 0.9, "beta_2": 0.999, "epsilon": 1e-07, "amsgrad": false}}], "epochs": 50, "best_epochs": [48, 48, 31, 38, 49, 49, 49, 49], "batch_size": 1024}