{"degree": [1, 2, 3, 4, 5, 6, 7, 8], "losses": [-52.62905519707172, -122.25845881529287, -148.47580558754385, -156.73885267512964, -159.9120334699683, -159.9963121088775, -161.3822875196152, -161.71613326856829], "A_list": [[[0.9911853088640694, -0.007266488753240287], [-0.007266488753240287, 1.0209522310310069]], [[1.022763516106424, -0.014491438770366757, -0.004402819086773135, 0.0011778450518129906], [-0.014491438770366757, 0.006791217433737033, -0.001351830446583957, 9.481531919913149e-05], [-0.004402819086773135, -0.001351830446583957, 1.0499082385845169, -0.015928984318590914], [0.0011778450518129906, 9.481531919913149e-05, -0.015928984318590914, 0.007187971341455988]], [[1.0049547912742598, -0.011431070165519594, -0.0011203557677340534, -0.002296288456840837, 0.0002866196728846449, 0.00035344049716297426], [-0.011431070165519594, 0.020696670923721776, -0.0032639767630643487, -0.001223491464198755, -0.0003606716562465404, 0.00014216387139518772], [-0.0011203557677340534, -0.0032639767630643487, 0.0007636642400631704, 5.2082184623300555e-05, 5.317856211964369e-05, -2.142237548084846e-05], [-0.002296288456840837, -0.001223491464198755, 5.2082184623300555e-05, 1.032294375705704, -0.01230087380281265, -0.0009391756752760854], [0.0002866196728846449, -0.0003606716562465404, 5.317856211964369e-05, -0.01230087380281265, 0.021861310234046145, -0.003529230921003076], [0.00035344049716297426, 0.00014216387139518772, -2.142237548084846e-05, -0.0009391756752760854, -0.003529230921003076, 0.0008398293418095587]], [[1.001891195221929, -0.01104640987279991, 3.614020964595136e-05, -0.00019140740003250012, -0.0037739718013829696, -0.0015410684103780731, 0.0009896137175511189, -9.698450842659268e-05], [-0.01104640987279991, 0.039923764702547014, -0.016464474333471403, 0.0021941322554390953, 0.0010441337132655053, -0.00031177360908320645, 0.00015383751212580456, 7.518934550913993e-06], [3.614020964595136e-05, -0.016464474333471403, 0.009605923383184814, -0.0014838961421652825, -0.0011178602030001172, 3.488276712139464e-05, -8.567970665935089e-05, 3.490158271399328e-06], [-0.00019140740003250012, 0.0021941322554390953, -0.0014838961421652825, 0.0002496723122840227, 0.00024267850436157483, 1.3777927752701666e-05, 1.0944804301658734e-05, -8.459561966605612e-07], [-0.0037739718013829696, 0.0010441337132655053, -0.0011178602030001172, 0.00024267850436157483, 1.0306710180448522, -0.012594622122089469, 0.0008970682988534832, -0.0001843637126743163], [-0.0015410684103780731, -0.00031177360908320645, 3.488276712139464e-05, 1.3777927752701666e-05, -0.012594622122089469, 0.04130357356195016, -0.01674077261675471, 0.0021994454192371827], [0.0009896137175511189, 0.00015383751212580456, -8.567970665935089e-05, 1.0944804301658734e-05, 0.0008970682988534832, -0.01674077261675471, 0.009759098749270794, -0.0015023380008907425], [-9.698450842659268e-05, 7.518934550913993e-06, 3.490158271399328e-06, -8.459561966605612e-07, -0.0001843637126743163, 0.0021994454192371827, -0.0015023380008907425, 0.0002522253707549815]], [[1.0051000289601137, -0.020664031930162922, 0.011407543915585058, -0.004819425333605358, 0.0006078520087777156, -0.0034666007537259087, -0.002366015925145886, 0.0021220601059060494, -0.0004983069273338279, 6.787051902694615e-05], [-0.020664031930162922, 0.08152242251231058, -0.06332012044932107, 0.02115155570362021, -0.0025348511905500847, 0.0011259911329483386, -0.00015743050063830855, -0.00023940166496860604, 0.0001516950325485264, -2.7491170256549847e-05], [0.011407543915585058, -0.06332012044932107, 0.0616857217784469, -0.02249981215680001, 0.002816491055474727, -0.0015568475844274187, 0.00041851078791712714, -0.0003353075355230117, 9.718206338981437e-05, -7.018694635602015e-06], [-0.004819425333605358, 0.02115155570362021, -0.02249981215680001, 0.008734755944765258, -0.0011381086475197434, 0.00042008800049960903, -0.00011235394949725778, 9.404985789927997e-05, -3.009471113530317e-05, 2.4824461895205495e-06], [0.0006078520087777156, -0.0025348511905500847, 0.002816491055474727, -0.0011381086475197434, 0.00015257062478397392, -1.604732054601765e-05, 1.6989996634024182e-05, -1.1140093383114956e-05, 3.494188551478971e-06, -3.158438369836128e-07], [-0.0034666007537259087, 0.0011259911329483386, -0.0015568475844274187, 0.00042008800049960903, -1.604732054601765e-05, 1.0323675165682293, -0.021681001769166774, 0.011358205841245616, -0.0045300011626495, 0.000591701661825212], [-0.002366015925145886, -0.00015743050063830855, 0.00041851078791712714, -0.00011235394949725778, 1.6989996634024182e-05, -0.021681001769166774, 0.08155364643944127, -0.06300995074019833, 0.020971984958033065, -0.0025048598205883975], [0.0021220601059060494, -0.00023940166496860604, -0.0003353075355230117, 9.404985789927997e-05, -1.1140093383114956e-05, 0.011358205841245616, -0.06300995074019833, 0.0620176077237216, -0.022642008560053748, 0.0028347135132129847], [-0.0004983069273338279, 0.0001516950325485264, 9.718206338981437e-05, -3.009471113530317e-05, 3.494188551478971e-06, -0.0045300011626495, 0.020971984958033065, -0.022642008560053748, 0.008800225206578848, -0.001147618416030392], [6.787051902694615e-05, -2.7491170256549847e-05, -7.018694635602015e-06, 2.4824461895205495e-06, -3.158438369836128e-07, 0.000591701661825212, -0.0025048598205883975, 0.0028347135132129847, -0.001147618416030392, 0.00015405111513159829]], [[1.0009648571068412, -0.013473640197921206, 0.0035106831478631207, -0.0005549148903169847, -0.00043741424528419244, 0.00010484811461643089, -0.002838397821490376, -0.001901712074074188, 0.0016752886462778642, -0.00022381080047364685, -4.6339442334823126e-05, 1.594417990152954e-05], [-0.013473640197921206, 0.05414341149126721, -0.030669941821795724, 0.003952378043218451, 0.0017567795359371065, -0.00041901527776457703, 0.0013572742270998347, -0.0002636916096883862, -0.0003949100487978261, 0.0003930600766638133, -0.00012060555429947482, 1.1330599255976145e-05], [0.0035106831478631207, -0.030669941821795724, 0.0256410647634745, -0.005537286450207753, -0.0008793274768144268, 0.00031038672411667695, -0.0014457370993127517, 0.00020313956426685372, 0.00034245666992835096, -0.00046871062923717566, 0.00017561771313998232, -2.0314044232896882e-05], [-0.0005549148903169847, 0.003952378043218451, -0.005537286450207753, 0.002205320428187957, -0.00013741539431598348, -4.013013763316881e-05, 0.000300415050376601, -4.363542059837532e-05, -0.00018914476167681236, 0.00021834481155339188, -7.614095257155957e-05, 8.690018783359196e-06], [-0.00043741424528419244, 0.0017567795359371065, -0.0008793274768144268, -0.00013741539431598348, 0.0001470278677390328, -2.1377704806674136e-05, -1.833327928098591e-05, 2.7592384284068728e-05, 2.3609699092868485e-05, -3.522809303799522e-05, 1.1557866612732748e-05, -1.2394861793594589e-06], [0.00010484811461643089, -0.00041901527776457703, 0.00031038672411667695, -4.013013763316881e-05, -2.1377704806674136e-05, 4.8568254467461945e-06, -7.396527389707588e-07, -3.11203647825375e-06, 1.0042400750974518e-06, 4.183871299055216e-07, -1.81277846249253e-08, -1.7649574601913314e-08], [-0.002838397821490376, 0.0013572742270998347, -0.0014457370993127517, 0.000300415050376601, -1.833327928098591e-05, -7.396527389707588e-07, 1.0316800174355722, -0.01656358050149083, 0.004369627397046536, -0.0008695859934326703, -0.0003561276745407401, 9.581173297381483e-05], [-0.001901712074074188, -0.0002636916096883862, 0.00020313956426685372, -4.363542059837532e-05, 2.7592384284068728e-05, -3.11203647825375e-06, -0.01656358050149083, 0.05463770326744144, -0.030857776932344677, 0.004030097319810335, 0.0017352758774541286, -0.0004127444536732406], [0.0016752886462778642, -0.0003949100487978261, 0.00034245666992835096, -0.00018914476167681236, 2.3609699092868485e-05, 1.0042400750974518e-06, 0.004369627397046536, -0.030857776932344677, 0.026348158957395732, -0.0058429554885943355, -0.0008342542058741435, 0.00030867782294558124], [-0.00022381080047364685, 0.0003930600766638133, -0.00046871062923717566, 0.00021834481155339188, -3.522809303799522e-05, 4.183871299055216e-07, -0.0008695859934326703, 0.004030097319810335, -0.0058429554885943355, 0.0023255778618806277, -0.0001551679868499553, -4.049900740634029e-05], [-4.6339442334823126e-05, -0.00012060555429947482, 0.00017561771313998232, -7.614095257155957e-05, 1.1557866612732748e-05, -1.81277846249253e-08, -0.0003561276745407401, 0.0017352758774541286, -0.0008342542058741435, -0.0001551679868499553, 0.0001505151914037919, -2.126247586909367e-05], [1.594417990152954e-05, 1.1330599255976145e-05, -2.0314044232896882e-05, 8.690018783359196e-06, -1.2394861793594589e-06, -1.7649574601913314e-08, 9.581173297381483e-05, -0.0004127444536732406, 0.00030867782294558124, -4.049900740634029e-05, -2.126247586909367e-05, 4.816991584578387e-06]], [[1.0086509933318848, -0.019577932549154655, 0.011833122332357685, -0.004547591272315543, -0.00014850111380312656, 0.0003849119633692083, -5.420083605789153e-05, -0.000807701307978362, -0.004640772389535022, 0.004092568234231242, -0.0016749961001136105, 0.00031402906676478767, -7.2816709914485205e-06, -4.582808706510679e-06], [-0.019577932549154655, 0.07710467261277576, -0.061370885965701144, 0.01946042528859458, 0.00023381138449168144, -0.0013361577278754014, 0.00019368763958076352, -0.0002706568592972446, -4.9215639306772006e-05, -0.0003696249924252413, 0.00028328493308929747, -3.476794883537739e-05, -1.8104368075846106e-05, 3.630865629466554e-06], [0.011833122332357685, -0.061370885965701144, 0.06583439261052174, -0.024913370597285853, 0.00039410932610564955, 0.0017352664762257228, -0.00027894584980552435, 0.0002559430351555688, -0.00010132787716874872, 0.0003091921401820335, -0.00026714348461275803, 4.606425052757307e-05, 1.7167431214468945e-05, -4.174406807549035e-06], [-0.004547591272315543, 0.01946042528859458, -0.024913370597285853, 0.011023531797509298, -0.00045462343426814307, -0.0007971019250126498, 0.0001411389033509689, -0.0007098888674473499, 5.3238215148525434e-05, -0.0001290687328630167, 0.00010549060347435655, -1.6708425141862e-05, -7.070655510657833e-06, 1.6595343757233441e-06], [-0.00014850111380312656, 0.00023381138449168144, 0.00039410932610564955, -0.00045462343426814307, 7.160895642069631e-05, 3.7535172213156e-05, -9.243617859473014e-06, 0.0002727748941547477, 6.505647999022881e-06, 1.633008285847987e-05, -1.131485513353182e-05, -3.9999464590012845e-08, 1.025761351481516e-06, -1.4048718484950868e-07], [0.0003849119633692083, -0.0013361577278754014, 0.0017352664762257228, -0.0007971019250126498, 3.7535172213156e-05, 5.856694962835304e-05, -1.0594737959093636e-05, -3.315890040657583e-05, -9.92907125711225e-06, 5.404065581934428e-06, -3.6947289135772548e-06, 8.499778019105217e-07, 3.2985546387953527e-07, -9.061609726566486e-08], [-5.420083605789153e-05, 0.00019368763958076352, -0.00027894584980552435, 0.0001411389033509689, -9.243617859473014e-06, -1.0594737959093636e-05, 2.0484951084035002e-06, -8.371261483424878e-08, 2.0212293901211858e-06, -1.269452805821554e-06, 7.645522759721054e-07, -1.0674772595018898e-07, -8.29149488627304e-08, 1.8110427897102565e-08], [-0.000807701307978362, -0.0002706568592972446, 0.0002559430351555688, -0.0007098888674473499, 0.0002727748941547477, -3.315890040657583e-05, -8.371261483424878e-08, 1.0325186381590095, -0.020167281188931938, 0.009469781990039254, -0.003354119123052973, -0.00029723893382709125, 0.00033134337658786555, -4.229446702606479e-05], [-0.004640772389535022, -4.9215639306772006e-05, -0.00010132787716874872, 5.3238215148525434e-05, 6.505647999022881e-06, -9.92907125711225e-06, 2.0212293901211858e-06, -0.020167281188931938, 0.07631422750222225, -0.060232288685722224, 0.019252202852255703, 3.967019606471028e-05, -0.0012392287859648863, 0.00018134325730217885], [0.004092568234231242, -0.0003696249924252413, 0.0003091921401820335, -0.0001290687328630167, 1.633008285847987e-05, 5.404065581934428e-06, -1.269452805821554e-06, 0.009469781990039254, -0.060232288685722224, 0.06486557919009348, -0.02473114629009864, 0.0005222147653065972, 0.0016631124442278147, -0.0002684878352670561], [-0.0016749961001136105, 0.00028328493308929747, -0.00026714348461275803, 0.00010549060347435655, -1.131485513353182e-05, -3.6947289135772548e-06, 7.645522759721054e-07, -0.003354119123052973, 0.019252202852255703, -0.02473114629009864, 0.011025953819917748, -0.0004933260602302663, -0.0007805422608725292, 0.00013861165060213528], [0.00031402906676478767, -3.476794883537739e-05, 4.606425052757307e-05, -1.6708425141862e-05, -3.9999464590012845e-08, 8.499778019105217e-07, -1.0674772595018898e-07, -0.00029723893382709125, 3.967019606471028e-05, 0.0005222147653065972, -0.0004933260602302663, 6.733063956085384e-05, 4.120155200540692e-05, -9.635529928879409e-06], [-7.2816709914485205e-06, -1.8104368075846106e-05, 1.7167431214468945e-05, -7.070655510657833e-06, 1.025761351481516e-06, 3.2985546387953527e-07, -8.29149488627304e-08, 0.00033134337658786555, -0.0012392287859648863, 0.0016631124442278147, -0.0007805422608725292, 4.120155200540692e-05, 5.656084594687893e-05, -1.0363249972007136e-05], [-4.582808706510679e-06, 3.630865629466554e-06, -4.174406807549035e-06, 1.6595343757233441e-06, -1.4048718484950868e-07, -9.061609726566486e-08, 1.8110427897102565e-08, -4.229446702606479e-05, 0.00018134325730217885, -0.0002684878352670561, 0.00013861165060213528, -9.635529928879409e-06, -1.0363249972007136e-05, 2.022080178440221e-06]], [[1.0061390057948068, -0.024927858075060354, 0.016342944350359885, -0.00489754486283627, -0.0009378028940203774, 0.0003705542693945014, 9.637925644819659e-05, -2.8560048977501014e-05, -0.003184811801318284, -0.004308291622949864, 0.003326822519965404, -0.00032039880170039667, -0.00037825285113441787, 7.360269266679002e-05, 2.6137202840428123e-05, -6.7908574002442895e-06], [-0.024927858075060354, 0.09527188640487548, -0.07686308736705845, 0.02037216195671435, 0.0027718188426284793, -0.001137020169238392, -0.00037140987053748304, 0.00010302129777556953, 0.0006170717261169846, 0.0005832298826102186, -0.0011194494573394242, 0.0005788159741642006, 2.2779552798545674e-05, -5.4350172384323057e-05, 2.1214084424340244e-06, 1.4624485523112235e-06], [0.016342944350359885, -0.07686308736705845, 0.07698466437649534, -0.0229928460359025, -0.0026517324317771587, 0.0013153524817568576, 0.00039474307389574003, -0.00011609452283310956, -0.0013388282295781055, -0.0004257905706548145, 0.0006923078595816821, -0.00038158617785076054, -4.384992596005407e-05, 4.96978030340739e-05, -1.9869054687949724e-07, -1.7371468672321234e-06], [-0.00489754486283627, 0.02037216195671435, -0.0229928460359025, 0.007726341411139642, 0.000725806118716164, -0.0004634794238028927, -0.00012498532277237248, 3.9903211189602035e-05, 0.000675765013744579, -3.409557675573589e-05, -9.552150969033666e-05, 9.291045036632091e-05, 1.2312378140825186e-05, -1.3750934812945675e-05, -2.323908436174285e-07, 5.58920207960272e-07], [-0.0009378028940203774, 0.0027718188426284793, -0.0026517324317771587, 0.000725806118716164, 0.00010384716228596317, -3.931738193548078e-05, -1.36453027108937e-05, 3.5892970326022137e-06, -0.0003497752925960356, 0.00012065017221941976, -9.040844243066463e-05, 2.50313571689996e-05, 2.8442476034542534e-06, -2.196157523698656e-06, -1.340822111423345e-07, 1.0223841220452365e-07], [0.0003705542693945014, -0.001137020169238392, 0.0013153524817568576, -0.0004634794238028927, -3.931738193548078e-05, 2.867619578316846e-05, 7.268501355601625e-06, -2.432091678841546e-06, 7.494095434905201e-05, -1.5701988943613142e-05, 1.55763625094569e-05, -8.86169583117365e-06, -1.0693904592653122e-06, 1.018344897158221e-06, 1.276579536535796e-07, -6.398194873827779e-08], [9.637925644819659e-05, -0.00037140987053748304, 0.00039474307389574003, -0.00012498532277237248, -1.36453027108937e-05, 7.268501355601625e-06, 2.1542935938933324e-06, -6.422867459677501e-07, 2.7766912280410366e-06, -1.0801662769933362e-05, 9.08883074492379e-06, -1.9031442339550094e-06, -3.0864137139037926e-07, 1.772244014691474e-07, -1.8451712426989235e-08, -1.3866794267993757e-09], [-2.8560048977501014e-05, 0.00010302129777556953, -0.00011609452283310956, 3.9903211189602035e-05, 3.5892970326022137e-06, -2.432091678841546e-06, -6.422867459677501e-07, 2.0904877953350908e-07, -2.9501466474775392e-06, 2.5438828185663906e-06, -2.300638739697047e-06, 6.786664959552294e-07, 1.0064676368244199e-07, -6.708065359829345e-08, -2.743757130660051e-09, 2.7661567403961255e-09], [-0.003184811801318284, 0.0006170717261169846, -0.0013388282295781055, 0.000675765013744579, -0.0003497752925960356, 7.494095434905201e-05, 2.7766912280410366e-06, -2.9501466474775392e-06, 1.0375582760343582, -0.02575151671924794, 0.0159948277990366, -0.005704079519963042, -0.00012922322134388257, 0.00013694378815054092, 0.00010636432605567916, -2.5032488425963056e-05], [-0.004308291622949864, 0.0005832298826102186, -0.0004257905706548145, -3.409557675573589e-05, 0.00012065017221941976, -1.5701988943613142e-05, -1.0801662769933362e-05, 2.5438828185663906e-06, -0.02575151671924794, 0.09663207031093843, -0.07848892383392747, 0.02089622418953052, 0.0028119123500383314, -0.0011357360523531201, -0.00040186823485313753, 0.00010925724021117127], [0.003326822519965404, -0.0011194494573394242, 0.0006923078595816821, -9.552150969033666e-05, -9.040844243066463e-05, 1.55763625094569e-05, 9.08883074492379e-06, -2.300638739697047e-06, 0.0159948277990366, -0.07848892383392747, 0.07957570496349457, -0.024020336125117493, -0.002667762453707702, 0.0013415145338223583, 0.0004222936593500002, -0.00012265097596080203], [-0.00032039880170039667, 0.0005788159741642006, -0.00038158617785076054, 9.291045036632091e-05, 2.50313571689996e-05, -8.86169583117365e-06, -1.9031442339550094e-06, 6.786664959552294e-07, -0.005704079519963042, 0.02089622418953052, -0.024020336125117493, 0.008242660779166546, 0.0006979829674218734, -0.00048007609377100964, -0.0001322193362297244, 4.2197534367887575e-05], [-0.00037825285113441787, 2.2779552798545674e-05, -4.384992596005407e-05, 1.2312378140825186e-05, 2.8442476034542534e-06, -1.0693904592653122e-06, -3.0864137139037926e-07, 1.0064676368244199e-07, -0.00012922322134388257, 0.0028119123500383314, -0.002667762453707702, 0.0006979829674218734, 0.0001130568128963509, -3.6755553759612244e-05, -1.4732798038089818e-05, 3.6205104291932674e-06], [7.360269266679002e-05, -5.4350172384323057e-05, 4.96978030340739e-05, -1.3750934812945675e-05, -2.196157523698656e-06, 1.018344897158221e-06, 1.772244014691474e-07, -6.708065359829345e-08, 0.00013694378815054092, -0.0011357360523531201, 0.0013415145338223583, -0.00048007609377100964, -3.6755553759612244e-05, 2.8563799694604547e-05, 7.484191787125183e-06, -2.4776641775903777e-06], [2.6137202840428123e-05, 2.1214084424340244e-06, -1.9869054687949724e-07, -2.323908436174285e-07, -1.340822111423345e-07, 1.276579536535796e-07, -1.8451712426989235e-08, -2.743757130660051e-09, 0.00010636432605567916, -0.00040186823485313753, 0.0004222936593500002, -0.0001322193362297244, -1.4732798038089818e-05, 7.484191787125183e-06, 2.413679755894398e-06, -6.947290664588635e-07], [-6.7908574002442895e-06, 1.4624485523112235e-06, -1.7371468672321234e-06, 5.58920207960272e-07, 1.0223841220452365e-07, -6.398194873827779e-08, -1.3866794267993757e-09, 2.7661567403961255e-09, -2.5032488425963056e-05, 0.00010925724021117127, -0.00012265097596080203, 4.2197534367887575e-05, 3.6205104291932674e-06, -2.4776641775903777e-06, -6.947290664588635e-07, 2.2057999916584013e-07]]], "B_list": [{"B_d": [[6.766202165069993e-07], [7.428249939550192e-08], [8.692439519170857e-09]], "B_theta": [1.0843710637808121e-08], "B_const": [0.00804886749254766]}, {"B_d": [[1.4286256112222984e-07], [3.660886644001896e-09], [1.4794744750418248e-09]], "B_theta": [1.5721113556162438e-09], "B_const": [0.0006493696583809263]}, {"B_d": [[5.0586431143309765e-09], [9.231791747633805e-11], [1.8706212203366116e-09]], "B_theta": [1.2813796079844581e-09], "B_const": [0.0002240303188816372]}, {"B_d": [[1.63121225445863e-07], [3.315667276257066e-08], [2.128210230391302e-09]], "B_theta": [1.92464373440368e-09], "B_const": [0.00015051527310577204]}, {"B_d": [[3.5739325208179664e-07], [2.3058211859700984e-09], [3.2786321716386343e-09]], "B_theta": [2.6774985205666327e-09], "B_const": [0.00012453423847850039]}, {"B_d": [[5.82392774532049e-07], [4.5572963966697095e-08], [2.3708369210464004e-09]], "B_theta": [2.862772760451429e-09], "B_const": [0.00012380945548406706]}, {"B_d": [[1.576357700596243e-07], [1.9045537799866962e-08], [3.2160904178198787e-09]], "B_theta": [3.2322708111063087e-09], "B_const": [0.00011159353378257783]}, {"B_d": [[1.447783775058586e-07], [1.6747910877410318e-08], [3.2922460849678275e-09]], "B_theta": [3.3842615288217263e-09], "B_const": [0.0001095806391585859]}], "bic_scores": [-38.89310637913114, -96.50355478165427, -103.83397192923695, -86.34211498318413, -56.89241733541391, -17.485843122743944, 27.48700872706783, 80.37996464763452], "best_bic": -103.83397192923695, "best_bic_A": [[1.0049547912742598, -0.011431070165519594, -0.0011203557677340534, -0.002296288456840837, 0.0002866196728846449, 0.00035344049716297426], [-0.011431070165519594, 0.020696670923721776, -0.0032639767630643487, -0.001223491464198755, -0.0003606716562465404, 0.00014216387139518772], [-0.0011203557677340534, -0.0032639767630643487, 0.0007636642400631704, 5.2082184623300555e-05, 5.317856211964369e-05, -2.142237548084846e-05], [-0.002296288456840837, -0.001223491464198755, 5.2082184623300555e-05, 1.032294375705704, -0.01230087380281265, -0.0009391756752760854], [0.0002866196728846449, -0.0003606716562465404, 5.317856211964369e-05, -0.01230087380281265, 0.021861310234046145, -0.003529230921003076], [0.00035344049716297426, 0.00014216387139518772, -2.142237548084846e-05, -0.0009391756752760854, -0.003529230921003076, 0.0008398293418095587]], "best_bic_B": {"B_d": [[5.0586431143309765e-09], [9.231791747633805e-11], [1.8706212203366116e-09]], "B_theta": [1.2813796079844581e-09], "B_const": [0.0002240303188816372]}, "best_bic_deg": 3, "best_bic_deg_idx": 2, "aic_scores": [-44.62905519707172, -107.25845881529287, -122.47580558754385, -115.73885267512964, -99.91203346996829, -76.9963121088775, -51.382287519615204, -20.716133268568285], "best_aic": -122.47580558754385, "best_aic_A": [[1.0049547912742598, -0.011431070165519594, -0.0011203557677340534, -0.002296288456840837, 0.0002866196728846449, 0.00035344049716297426], [-0.011431070165519594, 0.020696670923721776, -0.0032639767630643487, -0.001223491464198755, -0.0003606716562465404, 0.00014216387139518772], [-0.0011203557677340534, -0.0032639767630643487, 0.0007636642400631704, 5.2082184623300555e-05, 5.317856211964369e-05, -2.142237548084846e-05], [-0.002296288456840837, -0.001223491464198755, 5.2082184623300555e-05, 1.032294375705704, -0.01230087380281265, -0.0009391756752760854], [0.0002866196728846449, -0.0003606716562465404, 5.317856211964369e-05, -0.01230087380281265, 0.021861310234046145, -0.003529230921003076], [0.00035344049716297426, 0.00014216387139518772, -2.142237548084846e-05, -0.0009391756752760854, -0.003529230921003076, 0.0008398293418095587]], "best_aic_B": {"B_d": [[5.0586431143309765e-09], [9.231791747633805e-11], [1.8706212203366116e-09]], "B_theta": [1.2813796079844581e-09], "B_const": [0.0002240303188816372]}, "best_aic_deg": 3, "best_aic_deg_idx": 2, "lr": [{"class_name": "PiecewiseConstantDecay", "config": {"boundaries": [5070], "values": [0.005, 0.005], "name": null}}, {"class_name": "PiecewiseConstantDecay", "config": {"boundaries": [5070], "values": [0.005, 0.005], "name": null}}, {"class_name": "PiecewiseConstantDecay", "config": {"boundaries": [5070], "values": [0.005, 0.005], "name": null}}, {"class_name": "PiecewiseConstantDecay", "config": {"boundaries": [5070], "values": [0.005, 0.005], "name": null}}, {"class_name": "PiecewiseConstantDecay", "config": {"boundaries": [5070], "values": [0.005, 0.005], "name": null}}, {"class_name": "PiecewiseConstantDecay", "config": {"boundaries": [5070], "values": [0.005, 0.005], "name": null}}, {"class_name": "PiecewiseConstantDecay", "config": {"boundaries": [5070], "values": [0.005, 0.005], "name": null}}, {"class_name": "PiecewiseConstantDecay", "config": {"boundaries": [5070], "values": [0.005, 0.005], "name": null}}], "optimizer": [{"class_name": "Adam", "config": {"name": "Adam", "learning_rate": 0.005, "decay": 0.0, "beta_1": 0.9, "beta_2": 0.999, "epsilon": 1e-07, "amsgrad": false}}, {"class_name": "Adam", "config": {"name": "Adam", "learning_rate": 0.005, "decay": 0.0, "beta_1": 0.9, "beta_2": 0.999, "epsilon": 1e-07, "amsgrad": false}}, {"class_name": "Adam", "config": {"name": "Adam", "learning_rate": 0.005, "decay": 0.0, "beta_1": 0.9, "beta_2": 0.999, "epsilon": 1e-07, "amsgrad": false}}, {"class_name": "Adam", "config": {"name": "Adam", "learning_rate": 0.005, "decay": 0.0, "beta_1": 0.9, "beta_2": 0.999, "epsilon": 1e-07, "amsgrad": false}}, {"class_name": "Adam", "config": {"name": "Adam", "learning_rate": 0.005, "decay": 0.0, "beta_1": 0.9, "beta_2": 0.999, "epsilon": 1e-07, "amsgrad": false}}, {"class_name": "Adam", "config": {"name": "Adam", "learning_rate": 0.005, "decay": 0.0, "beta_1": 0.9, "beta_2": 0.999, "epsilon": 1e-07, "amsgrad": false}}, {"class_name": "Adam", "config": {"name": "Adam", "learning_rate": 0.005, "decay": 0.0, "beta_1": 0.9, "beta_2": 0.999, "epsilon": 1e-07, "amsgrad": false}}, {"class_name": "Adam", "config": {"name": "Adam", "learning_rate": 0.005, "decay": 0.0, "beta_1": 0.9, "beta_2": 0.999, "epsilon": 1e-07, "amsgrad": false}}], "epochs": 80, "best_epochs": [79, 79, 79, 79, 79, 79, 79, 79], "batch_size": 1024}