{"degree": [1, 2, 3, 4, 5, 6, 7, 8], "losses": [328.57315083545757, 114.4028478651387, -20.60540298175836, -116.31933247617121, -182.08766473091825, -221.891166695482, -226.66174830304553, -229.4173876327596], "A_list": [[[12.265090779814015, -0.14246218670421873], [-0.14246218670421873, 12.404749242858992]], [[20.9966834381975, -0.3702802219320579, -0.09873617496155242, 0.02994139512387367], [-0.3702802219320579, 0.14807885835992338, -0.07102242065575008, 0.0026787448331170556], [-0.09873617496155242, -0.07102242065575008, 21.511589108285545, -0.39427141216324507], [0.02994139512387367, 0.0026787448331170556, -0.39427141216324507, 0.15817988113231168]], [[19.464360139251834, -0.4403298325925122, 0.005584728930847184, -1.2443828927848428, -0.013382867942968089, 0.000387886993427279], [-0.4403298325925122, 0.2782712150982556, -0.016399287088344327, -0.026778561416829844, -0.0017952012821780736, 0.0016595342084797437], [0.005584728930847184, -0.016399287088344327, 0.0018822537872146296, 0.0016574750325896877, -0.0011691849902386688, -2.020806123903202e-05], [-1.2443828927848428, -0.026778561416829844, 0.0016574750325896877, 19.458381641224197, -0.47471353176532494, 0.004205380878451475], [-0.013382867942968089, -0.0017952012821780736, -0.0011691849902386688, -0.47471353176532494, 0.2929245899889891, -0.01687178754172918], [0.000387886993427279, 0.0016595342084797437, -2.020806123903202e-05, 0.004205380878451475, -0.01687178754172918, 0.001968109396380743]], [[30.60035518297853, -0.5681001194453962, -0.01601928720001488, 0.0022450485760048596, -0.14654561931124852, 0.052747732947944756, -0.005936643621417647, 5.52328871163093e-05], [-0.5681001194453962, 0.41367446963263654, -0.0489427256701434, 0.0020961177016287492, -0.0492889985822594, 0.0020189574565513077, 0.0037738478743125667, -0.0002851252301491223], [-0.01601928720001488, -0.0489427256701434, 0.013659397117360899, -0.0008962511820475313, -0.0008400737573104831, -0.004715205267382603, 0.00010687826982893635, 2.7700306159694055e-05], [0.0022450485760048596, 0.0020961177016287492, -0.0008962511820475313, 7.005172649471619e-05, 0.0001868325650125203, 0.0003359612700919766, -3.94513521307475e-05, 3.2206861142164375e-07], [-0.14654561931124852, -0.0492889985822594, -0.0008400737573104831, 0.0001868325650125203, 30.32340786781401, -0.5710358437487831, -0.029962938275341626, 0.0030743302928222136], [0.052747732947944756, 0.0020189574565513077, -0.004715205267382603, 0.0003359612700919766, -0.5710358437487831, 0.4258720610531665, -0.04700326348331894, 0.001877193732986376], [-0.005936643621417647, 0.0037738478743125667, 0.00010687826982893635, -3.94513521307475e-05, -0.029962938275341626, -0.04700326348331894, 0.013505855208957805, -0.0008891913180979801], [5.52328871163093e-05, -0.0002851252301491223, 2.7700306159694055e-05, 3.2206861142164375e-07, 0.0030743302928222136, 0.001877193732986376, -0.0008891913180979801, 7.064019594955193e-05]], [[32.15398467015515, -0.4453572684177948, -0.036147042062471116, 0.0024083091742281445, 4.1459845997426095e-05, -0.22820619938274944, 0.03863312731852219, -0.002082143344382056, 0.0010220253468385709, -0.00011867034724240874], [-0.4453572684177948, 0.3926641426653344, -0.05821389929318306, 0.004143921774006502, -9.099377197822508e-05, -0.10350245686191158, 0.001651573261481622, 0.0026905302624795017, -7.539603066614686e-05, -8.09049246199525e-06], [-0.036147042062471116, -0.05821389929318306, 0.024454769694345346, -0.0032464460881826327, 0.00014609736863937123, -0.019537390148258383, -0.0032619735346771073, 0.0002669449023397484, 2.73403786119638e-05, -3.1483694148501352e-06], [0.0024083091742281445, 0.004143921774006502, -0.0032464460881826327, 0.0006066333552568316, -3.476047912898257e-05, 0.0050119574111674205, 0.00023721447762278607, -9.461521476470298e-05, 5.849104557739933e-07, 6.324240862171932e-07], [4.1459845997426095e-05, -9.099377197822508e-05, 0.00014609736863937123, -3.476047912898257e-05, 2.2771230885114263e-06, -0.0002959915193017059, -3.671605165393201e-06, 5.587310061804079e-06, -2.639019101592918e-07, -2.554695634683444e-08], [-0.22820619938274944, -0.10350245686191158, -0.019537390148258383, 0.0050119574111674205, -0.0002959915193017059, 33.092952887370636, -0.5287001994461598, -0.038826381727201154, 0.002742704176357057, 2.3402825223460547e-05], [0.03863312731852219, 0.001651573261481622, -0.0032619735346771073, 0.00023721447762278607, -3.671605165393201e-06, -0.5287001994461598, 0.40910470662636855, -0.057005254936618704, 0.00403709322118095, -9.57285239664353e-05], [-0.002082143344382056, 0.0026905302624795017, 0.0002669449023397484, -9.461521476470298e-05, 5.587310061804079e-06, -0.038826381727201154, -0.057005254936618704, 0.02380825444916836, -0.0031006367994556726, 0.00013680015218512105], [0.0010220253468385709, -7.539603066614686e-05, 2.73403786119638e-05, 5.849104557739933e-07, -2.639019101592918e-07, 0.002742704176357057, 0.00403709322118095, -0.0031006367994556726, 0.0005743704427707988, -3.274446903002287e-05], [-0.00011867034724240874, -8.09049246199525e-06, -3.1483694148501352e-06, 6.324240862171932e-07, -2.554695634683444e-08, 2.3402825223460547e-05, -9.57285239664353e-05, 0.00013680015218512105, -3.274446903002287e-05, 2.1597071938617662e-06]], [[38.5275554302967, -0.5531193482252073, -0.052973372356881626, 0.0014604514846443522, 0.0006357455984699608, -3.8138084612957096e-05, -0.860152202558237, 0.09133735379855698, 0.005170859711824356, -0.0013092692297555029, -8.739597885443391e-05, 1.1983351583537454e-05], [-0.5531193482252073, 0.3829938774168775, -0.06859329441926644, 0.007348113180209441, -0.00029186713172600723, -4.48155936169161e-06, -0.12457998659482755, -0.002504972528902555, 0.005862621466158329, -0.0004919111694907021, -9.333369843671138e-06, 2.150988719186257e-06], [-0.052973372356881626, -0.06859329441926644, 0.03673007972266672, -0.006458510353470421, 0.0004618627939140758, -9.872808857441086e-06, -0.0060421331154570995, -0.0013545241398636295, -0.00128205329656504, 0.00032393168417433173, -2.3625882821927837e-05, 3.0657066256304e-07], [0.0014604514846443522, 0.007348113180209441, -0.006458510353470421, 0.0017197380304482875, -0.00019108353927256824, 7.710192829278323e-06, 0.001147866133243277, -0.00024185889057149607, 0.00019276600050990465, -6.370355198015643e-05, 7.863097806765639e-06, -3.272923446365033e-07], [0.0006357455984699608, -0.00029186713172600723, 0.0004618627939140758, -0.00019108353927256824, 2.8752155484098265e-05, -1.4666058617550037e-06, 5.819768039314453e-05, 4.745977044400614e-05, -1.8427375263339586e-05, 5.583814191819315e-06, -8.78632257832522e-07, 4.89717895776126e-08], [-3.8138084612957096e-05, -4.48155936169161e-06, -9.872808857441086e-06, 7.710192829278323e-06, -1.4666058617550037e-06, 8.52667336477283e-08, -7.0083171229705655e-06, -2.207582199752461e-06, 8.3040391109653e-07, -1.9625030200322684e-07, 3.3845928543247043e-08, -2.2046124127113435e-09], [-0.860152202558237, -0.12457998659482755, -0.0060421331154570995, 0.001147866133243277, 5.819768039314453e-05, -7.0083171229705655e-06, 42.93612540586931, -0.6425883019479655, -0.07331795085393678, 0.0024048313700319734, 0.0007248647545199599, -4.465392825098321e-05], [0.09133735379855698, -0.002504972528902555, -0.0013545241398636295, -0.00024185889057149607, 4.745977044400614e-05, -2.207582199752461e-06, -0.6425883019479655, 0.41794092076680694, -0.07158094803282432, 0.007608252239846645, -0.00031974463822485866, -3.30927554681409e-06], [0.005170859711824356, 0.005862621466158329, -0.00128205329656504, 0.00019276600050990465, -1.8427375263339586e-05, 8.3040391109653e-07, -0.07331795085393678, -0.07158094803282432, 0.03853507227644433, -0.006721911109876492, 0.0004750862487114536, -9.87370284355663e-06], [-0.0013092692297555029, -0.0004919111694907021, 0.00032393168417433173, -6.370355198015643e-05, 5.583814191819315e-06, -1.9625030200322684e-07, 0.0024048313700319734, 0.007608252239846645, -0.006721911109876492, 0.0017767633413897882, -0.0001959015665424113, 7.842156534486008e-06], [-8.739597885443391e-05, -9.333369843671138e-06, -2.3625882821927837e-05, 7.863097806765639e-06, -8.78632257832522e-07, 3.3845928543247043e-08, 0.0007248647545199599, -0.00031974463822485866, 0.0004750862487114536, -0.0001959015665424113, 2.948696103406863e-05, -1.5048846363851645e-06], [1.1983351583537454e-05, 2.150988719186257e-06, 3.0657066256304e-07, -3.272923446365033e-07, 4.89717895776126e-08, -2.2046124127113435e-09, -4.465392825098321e-05, -3.30927554681409e-06, -9.87370284355663e-06, 7.842156534486008e-06, -1.5048846363851645e-06, 8.79222128584535e-08]], [[36.59090697925918, -0.5465807047708129, -0.033466761228695054, -0.0003509682565453513, 0.0004169419987168562, 9.860287797983425e-06, -2.419676067880847e-06, -0.573055551853922, 0.07820927403315181, -0.002745966356452814, -0.0002737837121178123, -2.5005868321268656e-05, 1.1102243834998492e-06, 8.529507397839845e-08], [-0.5465807047708129, 0.35544855470967474, -0.051011415694369, 0.0024076143598104217, 0.0005063429769548486, -7.983747057944268e-05, 3.199633481234533e-06, -0.11418692979668622, 0.0005892500833271364, 0.00347708070149607, -3.433907852897064e-05, -2.964771650305442e-05, -8.961492030986278e-07, 2.581717697303858e-07], [-0.033466761228695054, -0.051011415694369, 0.025160773422774257, -0.002981257584070471, -0.00018571496356851124, 6.006136010787135e-05, -3.1892172126387447e-06, -0.0022650792252852264, -0.0035590123357406196, 0.00018124154600508355, 4.604584657908958e-05, -2.8273113096216115e-06, -3.5285688353228267e-07, 2.2557127796899753e-08], [-0.0003509682565453513, 0.0024076143598104217, -0.002981257584070471, 0.0006487208213984992, 1.186442558752345e-06, -1.17699732986487e-05, 8.385082739361042e-07, -0.0010742751463316959, 5.9610998740444385e-05, -5.570150542883183e-05, -2.055705123561014e-06, 1.114610276060877e-06, 5.163535942612038e-08, -1.1461368956944855e-08], [0.0004169419987168562, 0.0005063429769548486, -0.00018571496356851124, 1.186442558752345e-06, 3.5129058183876383e-06, -1.1166018946585361e-07, -1.650029363705179e-08, 0.00042747405100177887, 4.678636022586912e-05, -1.0505010335597824e-05, 2.779328220507002e-09, 1.0401481278089733e-07, -7.981776328916904e-09, 3.1460718368422534e-10], [9.860287797983425e-06, -7.983747057944268e-05, 6.006136010787135e-05, -1.17699732986487e-05, -1.1166018946585361e-07, 2.205434899408666e-07, -1.5184232591209817e-08, -3.2063544673064756e-05, -3.105960621968895e-06, 2.1351355483170824e-06, -8.358188486800873e-08, -3.384020133518815e-08, 2.3995421071055042e-09, 4.705249079530713e-11], [-2.419676067880847e-06, 3.199633481234533e-06, -3.1892172126387447e-06, 8.385082739361042e-07, -1.650029363705179e-08, -1.5184232591209817e-08, 1.2273458186564235e-09, 5.127590587340606e-07, -3.375328340608458e-08, -8.674050255068761e-08, 7.620479549552437e-09, 1.6926292767538913e-09, -1.826216083256727e-10, -2.574817406392417e-13], [-0.573055551853922, -0.11418692979668622, -0.0022650792252852264, -0.0010742751463316959, 0.00042747405100177887, -3.2063544673064756e-05, 5.127590587340606e-07, 39.48835626038393, -0.6079558257757165, -0.053519598753977465, 0.0003132146282797659, 0.0005485818052186247, 7.1196635417637954e-06, -2.986008250543273e-06], [0.07820927403315181, 0.0005892500833271364, -0.0035590123357406196, 5.9610998740444385e-05, 4.678636022586912e-05, -3.105960621968895e-06, -3.375328340608458e-08, -0.6079558257757165, 0.38589001948454876, -0.05100712742627398, 0.002083011534673702, 0.0005407797468620076, -8.363231140129004e-05, 3.4473639542866903e-06], [-0.002745966356452814, 0.00347708070149607, 0.00018124154600508355, -5.570150542883183e-05, -1.0505010335597824e-05, 2.1351355483170824e-06, -8.674050255068761e-08, -0.053519598753977465, -0.05100712742627398, 0.025053548567109042, -0.0028765581440124053, -0.00020965136715415402, 6.278139636063669e-05, -3.3212975745536023e-06], [-0.0002737837121178123, -3.433907852897064e-05, 4.604584657908958e-05, -2.055705123561014e-06, 2.779328220507002e-09, -8.358188486800873e-08, 7.620479549552437e-09, 0.0003132146282797659, 0.002083011534673702, -0.0028765581440124053, 0.0006331344448348489, 3.4397243314057243e-06, -1.2072882810453504e-05, 8.566700511922732e-07], [-2.5005868321268656e-05, -2.964771650305442e-05, -2.8273113096216115e-06, 1.114610276060877e-06, 1.0401481278089733e-07, -3.384020133518815e-08, 1.6926292767538913e-09, 0.0005485818052186247, 0.0005407797468620076, -0.00020965136715415402, 3.4397243314057243e-06, 3.900059423756688e-06, -1.900297079312059e-07, -1.284797240666447e-08], [1.1102243834998492e-06, -8.961492030986278e-07, -3.5285688353228267e-07, 5.163535942612038e-08, -7.981776328916904e-09, 2.3995421071055042e-09, -1.826216083256727e-10, 7.1196635417637954e-06, -8.363231140129004e-05, 6.278139636063669e-05, -1.2072882810453504e-05, -1.900297079312059e-07, 2.3945656372966767e-07, -1.6275620808802202e-08], [8.529507397839845e-08, 2.581717697303858e-07, 2.2557127796899753e-08, -1.1461368956944855e-08, 3.1460718368422534e-10, 4.705249079530713e-11, -2.574817406392417e-13, -2.986008250543273e-06, 3.4473639542866903e-06, -3.3212975745536023e-06, 8.566700511922732e-07, -1.284797240666447e-08, -1.6275620808802202e-08, 1.2975406189731898e-09]], [[33.50626428400641, -0.44105090235540306, -0.05311730928544295, 0.0022137764627532617, 0.00025584921285250656, 1.4947120577210896e-05, 1.8757254512071628e-07, -3.1979238863259545e-07, -0.5956587279564387, 0.08216292348553028, 0.008392662340397558, -0.0022991366597911217, 9.492491719895153e-05, -4.887333317772314e-06, 3.8916153063329495e-07, 2.431195946714384e-08], [-0.44105090235540306, 0.28611443093378724, -0.027364012876264224, -0.0006712611949906844, 0.0005193585405423775, -1.5642875798433968e-05, -8.404682721124574e-06, 7.007567011300051e-07, -0.11135845913377712, 0.0033425010205707793, 0.0018479819316832907, 0.00012757962285510046, -4.788465488449097e-05, 4.681299143510226e-07, 6.95482523327945e-07, -5.075802128703952e-08], [-0.05311730928544295, -0.027364012876264224, 0.015301271532771719, -0.001306608590099928, -0.00022105922126467137, 1.9022220096845356e-05, 4.20418804398497e-06, -4.109960518521751e-07, 0.0071419873237086335, -0.0023709058805678686, -0.00025436990224058357, 9.747919119297312e-05, 4.750860262423347e-06, -1.3820717993604866e-06, -1.465774524032468e-07, 2.030555385128011e-08], [0.0022137764627532617, -0.0006712611949906844, -0.001306608590099928, 0.0003277359787118152, 4.5345464092030165e-06, -4.094207173735876e-06, -2.585548743400489e-07, 4.955032156321416e-08, -0.0020710134913607455, -0.0001787322355974686, 3.245096553384479e-05, -1.2227780397613847e-05, 2.3656105244388492e-07, 1.8295534495858805e-07, 7.058989729776253e-09, -2.2106428919708107e-09], [0.00025584921285250656, 0.0005193585405423775, -0.00022105922126467137, 4.5345464092030165e-06, 5.546716004390463e-06, -1.4983680590469128e-07, -9.708885084226643e-08, 7.123727348021512e-09, 0.00014563453178237753, 3.448112983974479e-05, -3.3740528174289035e-06, -5.850308939534984e-07, 9.979222504940913e-08, 6.027263437073268e-10, -1.2299410589874786e-09, 9.325890043005534e-11], [1.4947120577210896e-05, -1.5642875798433968e-05, 1.9022220096845356e-05, -4.094207173735876e-06, -1.4983680590469128e-07, 5.700056515204617e-08, 5.303080956359003e-09, -8.208487630937451e-10, 2.2157443444743854e-05, 6.634360539178127e-07, -2.2319709414733654e-07, 1.1127292160082113e-07, -1.07588930852553e-08, -1.2655335292069874e-09, 8.077288591867765e-11, 8.34411168172503e-12], [1.8757254512071628e-07, -8.404682721124574e-06, 4.20418804398497e-06, -2.585548743400489e-07, -9.708885084226643e-08, 5.303080956359003e-09, 1.877409358869201e-09, -1.6091040373431418e-10, -1.4314378394214198e-06, -1.4282100187970434e-08, 5.685728432738483e-08, 1.8103388848633066e-09, -3.1350510041980497e-09, 1.704088752768057e-10, 5.553814235639196e-11, -5.2032419067009686e-12], [-3.1979238863259545e-07, 7.007567011300051e-07, -4.109960518521751e-07, 4.955032156321416e-08, 7.123727348021512e-09, -8.208487630937451e-10, -1.6091040373431418e-10, 1.7220593225779403e-11, -7.243800142639756e-08, -1.6597138798897224e-08, -2.0136486834966607e-09, -3.3831609713745435e-10, 3.148584347575979e-10, -1.3366516409529672e-11, -5.568862344649966e-12, 4.687018951757931e-13], [-0.5956587279564387, -0.11135845913377712, 0.0071419873237086335, -0.0020710134913607455, 0.00014563453178237753, 2.2157443444743854e-05, -1.4314378394214198e-06, -7.243800142639756e-08, 35.54563109296002, -0.47210100361101787, -0.05944909207805777, 0.0013043941864529145, 0.00024114514624862308, 2.280037416688624e-05, 4.394704139322685e-06, -7.514118859479862e-07], [0.08216292348553028, 0.0033425010205707793, -0.0023709058805678686, -0.0001787322355974686, 3.448112983974479e-05, 6.634360539178127e-07, -1.4282100187970434e-08, -1.6597138798897224e-08, -0.47210100361101787, 0.31588107684659933, -0.02846963007689073, -0.000859068811694155, 0.000567978577994206, -1.5126586479329138e-05, -9.900069462139281e-06, 8.221195561994293e-07], [0.008392662340397558, 0.0018479819316832907, -0.00025436990224058357, 3.245096553384479e-05, -3.3740528174289035e-06, -2.2319709414733654e-07, 5.685728432738483e-08, -2.0136486834966607e-09, -0.05944909207805777, -0.02846963007689073, 0.016001230789289108, -0.0013151485335783637, -0.0002470611414809865, 2.009580777220587e-05, 4.740079327668357e-06, -4.5749039412767264e-07], [-0.0022991366597911217, 0.00012757962285510046, 9.747919119297312e-05, -1.2227780397613847e-05, -5.850308939534984e-07, 1.1127292160082113e-07, 1.8103388848633066e-09, -3.3831609713745435e-10, 0.0013043941864529145, -0.000859068811694155, -0.0013151485335783637, 0.0003353787677695078, 5.680349555474329e-06, -4.304521028692444e-06, -2.836369640367287e-07, 5.2912643476100174e-08], [9.492491719895153e-05, -4.788465488449097e-05, 4.750860262423347e-06, 2.3656105244388492e-07, 9.979222504940913e-08, -1.07588930852553e-08, -3.1350510041980497e-09, 3.148584347575979e-10, 0.00024114514624862308, 0.000567978577994206, -0.0002470611414809865, 5.680349555474329e-06, 6.063996276055188e-06, -1.6730923911243957e-07, -1.0711226980018673e-07, 7.908871090434675e-09], [-4.887333317772314e-06, 4.681299143510226e-07, -1.3820717993604866e-06, 1.8295534495858805e-07, 6.027263437073268e-10, -1.2655335292069874e-09, 1.704088752768057e-10, -1.3366516409529672e-11, 2.280037416688624e-05, -1.5126586479329138e-05, 2.009580777220587e-05, -4.304521028692444e-06, -1.6730923911243957e-07, 6.067260384331918e-08, 5.71225609714578e-09, -8.770208154772288e-10], [3.8916153063329495e-07, 6.95482523327945e-07, -1.465774524032468e-07, 7.058989729776253e-09, -1.2299410589874786e-09, 8.077288591867765e-11, 5.553814235639196e-11, -5.568862344649966e-12, 4.394704139322685e-06, -9.900069462139281e-06, 4.740079327668357e-06, -2.836369640367287e-07, -1.0711226980018673e-07, 5.71225609714578e-09, 2.066529245966368e-09, -1.760435245623076e-10], [2.431195946714384e-08, -5.075802128703952e-08, 2.030555385128011e-08, -2.2106428919708107e-09, 9.325890043005534e-11, 8.34411168172503e-12, -5.2032419067009686e-12, 4.687018951757931e-13, -7.514118859479862e-07, 8.221195561994293e-07, -4.5749039412767264e-07, 5.2912643476100174e-08, 7.908871090434675e-09, -8.770208154772288e-10, -1.760435245623076e-10, 1.862044540537439e-11]]], "B_list": [{"B_d": [[2.992419625426504], [0.10060692636848974], [0.00025977658005371413]], "B_theta": [5.993399489761202e-06], "B_const": [3.0359250852467596]}, {"B_d": [[0.11645707549196137], [1.739549797207923e-05], [1.6549642922267767e-06]], "B_theta": [5.813546842725695e-07], "B_const": [0.16954215993379182]}, {"B_d": [[0.013082548734963631], [7.901647702129738e-06], [3.2415366671809956e-07]], "B_theta": [1.0294560224314061e-07], "B_const": [0.022404886835897125]}, {"B_d": [[0.004026956977315995], [2.4855354232812992e-06], [6.081641722238295e-07]], "B_theta": [3.740691234602047e-08], "B_const": [0.004559740368523717]}, {"B_d": [[0.001399826626420972], [8.17056092625558e-06], [8.60778598297728e-07]], "B_theta": [3.4980663139697725e-08], "B_const": [0.0013282402697724416]}, {"B_d": [[0.0004370726408369518], [2.4298462810628705e-05], [6.201196057156562e-07]], "B_theta": [7.108331965441651e-08], "B_const": [0.00051435248745058]}, {"B_d": [[0.000479482942498592], [1.75875308542441e-05], [7.046759227394862e-07]], "B_theta": [7.591854283563626e-08], "B_const": [0.0005028426828987204]}, {"B_d": [[0.00040913091401243676], [2.1478218451566437e-05], [6.571550636899858e-07]], "B_theta": [7.872070737463278e-08], "B_const": [0.0004641700826882847]}], "bic_scores": [345.62387034362285, 146.37294694294857, 34.809435419778744, -28.93439499682424, -54.20726841967878, -44.98995179826741, 7.785644934226809, 71.1015436986531], "best_bic": -54.20726841967878, "best_bic_A": [[32.15398467015515, -0.4453572684177948, -0.036147042062471116, 0.0024083091742281445, 4.1459845997426095e-05, -0.22820619938274944, 0.03863312731852219, -0.002082143344382056, 0.0010220253468385709, -0.00011867034724240874], [-0.4453572684177948, 0.3926641426653344, -0.05821389929318306, 0.004143921774006502, -9.099377197822508e-05, -0.10350245686191158, 0.001651573261481622, 0.0026905302624795017, -7.539603066614686e-05, -8.09049246199525e-06], [-0.036147042062471116, -0.05821389929318306, 0.024454769694345346, -0.0032464460881826327, 0.00014609736863937123, -0.019537390148258383, -0.0032619735346771073, 0.0002669449023397484, 2.73403786119638e-05, -3.1483694148501352e-06], [0.0024083091742281445, 0.004143921774006502, -0.0032464460881826327, 0.0006066333552568316, -3.476047912898257e-05, 0.0050119574111674205, 0.00023721447762278607, -9.461521476470298e-05, 5.849104557739933e-07, 6.324240862171932e-07], [4.1459845997426095e-05, -9.099377197822508e-05, 0.00014609736863937123, -3.476047912898257e-05, 2.2771230885114263e-06, -0.0002959915193017059, -3.671605165393201e-06, 5.587310061804079e-06, -2.639019101592918e-07, -2.554695634683444e-08], [-0.22820619938274944, -0.10350245686191158, -0.019537390148258383, 0.0050119574111674205, -0.0002959915193017059, 33.092952887370636, -0.5287001994461598, -0.038826381727201154, 0.002742704176357057, 2.3402825223460547e-05], [0.03863312731852219, 0.001651573261481622, -0.0032619735346771073, 0.00023721447762278607, -3.671605165393201e-06, -0.5287001994461598, 0.40910470662636855, -0.057005254936618704, 0.00403709322118095, -9.57285239664353e-05], [-0.002082143344382056, 0.0026905302624795017, 0.0002669449023397484, -9.461521476470298e-05, 5.587310061804079e-06, -0.038826381727201154, -0.057005254936618704, 0.02380825444916836, -0.0031006367994556726, 0.00013680015218512105], [0.0010220253468385709, -7.539603066614686e-05, 2.73403786119638e-05, 5.849104557739933e-07, -2.639019101592918e-07, 0.002742704176357057, 0.00403709322118095, -0.0031006367994556726, 0.0005743704427707988, -3.274446903002287e-05], [-0.00011867034724240874, -8.09049246199525e-06, -3.1483694148501352e-06, 6.324240862171932e-07, -2.554695634683444e-08, 2.3402825223460547e-05, -9.57285239664353e-05, 0.00013680015218512105, -3.274446903002287e-05, 2.1597071938617662e-06]], "best_bic_B": {"B_d": [[0.001399826626420972], [8.17056092625558e-06], [8.60778598297728e-07]], "B_theta": [3.4980663139697725e-08], "B_const": [0.0013282402697724416]}, "best_bic_deg": 5, "best_bic_deg_idx": 4, "aic_scores": [336.57315083545757, 129.4028478651387, 5.39459701824164, -75.31933247617121, -122.08766473091825, -138.891166695482, -116.66174830304553, -88.41738763275961], "best_aic": -138.891166695482, "best_aic_A": [[38.5275554302967, -0.5531193482252073, -0.052973372356881626, 0.0014604514846443522, 0.0006357455984699608, -3.8138084612957096e-05, -0.860152202558237, 0.09133735379855698, 0.005170859711824356, -0.0013092692297555029, -8.739597885443391e-05, 1.1983351583537454e-05], [-0.5531193482252073, 0.3829938774168775, -0.06859329441926644, 0.007348113180209441, -0.00029186713172600723, -4.48155936169161e-06, -0.12457998659482755, -0.002504972528902555, 0.005862621466158329, -0.0004919111694907021, -9.333369843671138e-06, 2.150988719186257e-06], [-0.052973372356881626, -0.06859329441926644, 0.03673007972266672, -0.006458510353470421, 0.0004618627939140758, -9.872808857441086e-06, -0.0060421331154570995, -0.0013545241398636295, -0.00128205329656504, 0.00032393168417433173, -2.3625882821927837e-05, 3.0657066256304e-07], [0.0014604514846443522, 0.007348113180209441, -0.006458510353470421, 0.0017197380304482875, -0.00019108353927256824, 7.710192829278323e-06, 0.001147866133243277, -0.00024185889057149607, 0.00019276600050990465, -6.370355198015643e-05, 7.863097806765639e-06, -3.272923446365033e-07], [0.0006357455984699608, -0.00029186713172600723, 0.0004618627939140758, -0.00019108353927256824, 2.8752155484098265e-05, -1.4666058617550037e-06, 5.819768039314453e-05, 4.745977044400614e-05, -1.8427375263339586e-05, 5.583814191819315e-06, -8.78632257832522e-07, 4.89717895776126e-08], [-3.8138084612957096e-05, -4.48155936169161e-06, -9.872808857441086e-06, 7.710192829278323e-06, -1.4666058617550037e-06, 8.52667336477283e-08, -7.0083171229705655e-06, -2.207582199752461e-06, 8.3040391109653e-07, -1.9625030200322684e-07, 3.3845928543247043e-08, -2.2046124127113435e-09], [-0.860152202558237, -0.12457998659482755, -0.0060421331154570995, 0.001147866133243277, 5.819768039314453e-05, -7.0083171229705655e-06, 42.93612540586931, -0.6425883019479655, -0.07331795085393678, 0.0024048313700319734, 0.0007248647545199599, -4.465392825098321e-05], [0.09133735379855698, -0.002504972528902555, -0.0013545241398636295, -0.00024185889057149607, 4.745977044400614e-05, -2.207582199752461e-06, -0.6425883019479655, 0.41794092076680694, -0.07158094803282432, 0.007608252239846645, -0.00031974463822485866, -3.30927554681409e-06], [0.005170859711824356, 0.005862621466158329, -0.00128205329656504, 0.00019276600050990465, -1.8427375263339586e-05, 8.3040391109653e-07, -0.07331795085393678, -0.07158094803282432, 0.03853507227644433, -0.006721911109876492, 0.0004750862487114536, -9.87370284355663e-06], [-0.0013092692297555029, -0.0004919111694907021, 0.00032393168417433173, -6.370355198015643e-05, 5.583814191819315e-06, -1.9625030200322684e-07, 0.0024048313700319734, 0.007608252239846645, -0.006721911109876492, 0.0017767633413897882, -0.0001959015665424113, 7.842156534486008e-06], [-8.739597885443391e-05, -9.333369843671138e-06, -2.3625882821927837e-05, 7.863097806765639e-06, -8.78632257832522e-07, 3.3845928543247043e-08, 0.0007248647545199599, -0.00031974463822485866, 0.0004750862487114536, -0.0001959015665424113, 2.948696103406863e-05, -1.5048846363851645e-06], [1.1983351583537454e-05, 2.150988719186257e-06, 3.0657066256304e-07, -3.272923446365033e-07, 4.89717895776126e-08, -2.2046124127113435e-09, -4.465392825098321e-05, -3.30927554681409e-06, -9.87370284355663e-06, 7.842156534486008e-06, -1.5048846363851645e-06, 8.79222128584535e-08]], "best_aic_B": {"B_d": [[0.0004370726408369518], [2.4298462810628705e-05], [6.201196057156562e-07]], "B_theta": [7.108331965441651e-08], "B_const": [0.00051435248745058]}, "best_aic_deg": 6, "best_aic_deg_idx": 5, "lr": [{"class_name": "PiecewiseConstantDecay", "config": {"boundaries": [8790], "values": [0.005, 0.001], "name": null}}, {"class_name": "PiecewiseConstantDecay", "config": {"boundaries": [8790], "values": [0.005, 0.001], "name": null}}, {"class_name": "PiecewiseConstantDecay", "config": {"boundaries": [8790], "values": [0.005, 0.001], "name": null}}, {"class_name": "PiecewiseConstantDecay", "config": {"boundaries": [8790], "values": [0.005, 0.001], "name": null}}, {"class_name": "PiecewiseConstantDecay", "config": {"boundaries": [8790], "values": [0.005, 0.001], "name": null}}, {"class_name": "PiecewiseConstantDecay", "config": {"boundaries": [8790], "values": [0.005, 0.005], "name": null}}, {"class_name": "PiecewiseConstantDecay", "config": {"boundaries": [8790], "values": [0.005, 0.001], "name": null}}, {"class_name": "PiecewiseConstantDecay", "config": {"boundaries": [8790], "values": [0.005, 0.001], "name": null}}], "optimizer": [{"class_name": "Adam", "config": {"name": "Adam", "learning_rate": {"class_name": "PiecewiseConstantDecay", "config": {"boundaries": [8790], "values": [0.005, 0.001], "name": null}}, "decay": 0.0, "beta_1": 0.9, "beta_2": 0.999, "epsilon": 1e-07, "amsgrad": false}}, {"class_name": "Adam", "config": {"name": "Adam", "learning_rate": {"class_name": "PiecewiseConstantDecay", "config": {"boundaries": [8790], "values": [0.005, 0.001], "name": null}}, "decay": 0.0, "beta_1": 0.9, "beta_2": 0.999, "epsilon": 1e-07, "amsgrad": false}}, {"class_name": "Adam", "config": {"name": "Adam", "learning_rate": {"class_name": "PiecewiseConstantDecay", "config": {"boundaries": [8790], "values": [0.005, 0.001], "name": null}}, "decay": 0.0, "beta_1": 0.9, "beta_2": 0.999, "epsilon": 1e-07, "amsgrad": false}}, {"class_name": "Adam", "config": {"name": "Adam", "learning_rate": {"class_name": "PiecewiseConstantDecay", "config": {"boundaries": [8790], "values": [0.005, 0.001], "name": null}}, "decay": 0.0, "beta_1": 0.9, "beta_2": 0.999, "epsilon": 1e-07, "amsgrad": false}}, {"class_name": "Adam", "config": {"name": "Adam", "learning_rate": {"class_name": "PiecewiseConstantDecay", "config": {"boundaries": [8790], "values": [0.005, 0.001], "name": null}}, "decay": 0.0, "beta_1": 0.9, "beta_2": 0.999, "epsilon": 1e-07, "amsgrad": false}}, {"class_name": "Adam", "config": {"name": "Adam", "learning_rate": {"class_name": "PiecewiseConstantDecay", "config": {"boundaries": [8790], "values": [0.005, 0.005], "name": null}}, "decay": 0.0, "beta_1": 0.9, "beta_2": 0.999, "epsilon": 1e-07, "amsgrad": false}}, {"class_name": "Adam", "config": {"name": "Adam", "learning_rate": {"class_name": "PiecewiseConstantDecay", "config": {"boundaries": [8790], "values": [0.005, 0.001], "name": null}}, "decay": 0.0, "beta_1": 0.9, "beta_2": 0.999, "epsilon": 1e-07, "amsgrad": false}}, {"class_name": "Adam", "config": {"name": "Adam", "learning_rate": {"class_name": "PiecewiseConstantDecay", "config": {"boundaries": [8790], "values": [0.005, 0.001], "name": null}}, "decay": 0.0, "beta_1": 0.9, "beta_2": 0.999, "epsilon": 1e-07, "amsgrad": false}}], "epochs": 50, "best_epochs": [49, 49, 49, 49, 49, 49, 49, 49], "batch_size": 1024}