{"degree": [1, 2, 3, 4, 5, 6, 7, 8], "losses": [-3.161528240289137, -89.79365905651863, -124.84543906780013, -133.05720958154114, -135.78764360702385, -135.97094676447333, -136.80882620854223, -137.02969009485255], "A_list": [[[40.87509856512677, -1.5921522962731767], [-1.5921522962731767, 38.53962524716341]], [[41.00039772878649, -0.1273087591384731, -1.5677144580131805, 0.04669794885060144], [-0.1273087591384731, 0.1259507489678542, -0.06888654761675946, -0.0006139049271374149], [-1.5677144580131805, -0.06888654761675946, 38.831387028711966, -0.19381611244650424], [0.04669794885060144, -0.0006139049271374149, -0.19381611244650424, 0.14208070556650773]], [[40.79030397116793, 0.0007646313354547783, -0.04693758877910911, -1.5483776345144242, 0.05641306543587917, -0.004366952668521025], [0.0007646313354547783, 0.16272545884912484, -0.012956707560331637, -0.06375423621652529, -0.0007044457884028381, 0.001771774204989217], [-0.04693758877910911, -0.012956707560331637, 0.004590028221824118, -0.00032651535062731195, -0.001229019170367099, -7.393635274384327e-05], [-1.5483776345144242, -0.06375423621652529, -0.00032651535062731195, 38.61185945401591, -0.059916475748525426, -0.04684413099525243], [0.05641306543587917, -0.0007044457884028381, -0.001229019170367099, -0.059916475748525426, 0.18392456533118312, -0.01422839996619902], [-0.004366952668521025, 0.001771774204989217, -7.393635274384327e-05, -0.04684413099525243, -0.01422839996619902, 0.004886672030096292]], [[40.817376475470944, 0.009787111204077627, -0.06625159797838741, 0.0036670712647029406, -1.556543731409098, 0.05427579687074897, 7.318410064277465e-05, -0.0012162719428060779], [0.009787111204077627, 0.16021276220380692, -0.021837053830030588, 0.0021369496517726276, -0.06669407361865591, -0.0013619080264215787, 0.0026875435108148003, -0.0004462475910653833], [-0.06625159797838741, -0.021837053830030588, 0.022557778453765873, -0.004539420123779529, -0.0018236936041334682, -0.002452050655145492, -0.00013269897746743793, 0.0001736188392182837], [0.0036670712647029406, 0.0021369496517726276, -0.004539420123779529, 0.0011519422558997005, 0.0008369373218472507, 0.0003374139987022058, -0.00010865138038417757, -1.1786858557922924e-05], [-1.556543731409098, -0.06669407361865591, -0.0018236936041334682, 0.0008369373218472507, 38.606348673225995, -0.04156070519716893, -0.0608717698487869, 0.00305943685950625], [0.05427579687074897, -0.0013619080264215787, -0.002452050655145492, 0.0003374139987022058, -0.04156070519716893, 0.1795590437331739, -0.02391728722932345, 0.002465123829185358], [7.318410064277465e-05, 0.0026875435108148003, -0.00013269897746743793, -0.00010865138038417757, -0.0608717698487869, -0.02391728722932345, 0.02465550777873693, -0.004957891845380438], [-0.0012162719428060779, -0.0004462475910653833, 0.0001736188392182837, -1.1786858557922924e-05, 0.00305943685950625, 0.002465123829185358, -0.004957891845380438, 0.0012510129495404794]], [[40.71138809010043, 0.0218379324584472, -0.05211619966527654, -0.0033832994489355187, 0.001371446826802593, -1.543683930397966, 0.05481742465018832, 0.0030410598367380318, -0.0029375087485076583, 0.0005757023688882071], [0.0218379324584472, 0.1771105745511914, -0.06083081401037195, 0.026921351652561744, -0.004965682316860378, -0.06792490158953204, -0.0006605673782856136, 0.0030407033990899174, -0.000940623034984748, 0.0001269962930949168], [-0.05211619966527654, -0.06083081401037195, 0.09903708783147984, -0.05206405555883045, 0.009616839800251275, -0.00060482837912151, -0.0017851115290582322, -0.001508125991878169, 0.0015378092548467938, -0.000268283105231996], [-0.0033832994489355187, 0.026921351652561744, -0.05206405555883045, 0.03054291328141085, -0.005957259803482925, 0.0010067635937260904, 0.0002264645957184363, 0.000317731481592374, -0.0006341127565739588, 0.00012566442289967835], [0.001371446826802593, -0.004965682316860378, 0.009616839800251275, -0.005957259803482925, 0.0012079163060222178, 0.00011886691323857323, 1.8417961896337934e-05, -1.4853101195264758e-05, 9.056980134550445e-05, -1.9314977112277122e-05], [-1.543683930397966, -0.06792490158953204, -0.00060482837912151, 0.0010067635937260904, 0.00011886691323857323, 38.694321577489646, -0.043860474788659363, -0.04089280411129603, -0.00939634797983724, 0.0025052614254095964], [0.05481742465018832, -0.0006605673782856136, -0.0017851115290582322, 0.0002264645957184363, 1.8417961896337934e-05, -0.043860474788659363, 0.19851207151961597, -0.06794100713656533, 0.030088602790765848, -0.005636764098502144], [0.0030410598367380318, 0.0030407033990899174, -0.001508125991878169, 0.000317731481592374, -1.4853101195264758e-05, -0.04089280411129603, -0.06794100713656533, 0.10927222307693737, -0.057456490377143225, 0.010671256787004781], [-0.0029375087485076583, -0.000940623034984748, 0.0015378092548467938, -0.0006341127565739588, 9.056980134550445e-05, -0.00939634797983724, 0.030088602790765848, -0.057456490377143225, 0.03349129979401762, -0.006558803812756414], [0.0005757023688882071, 0.0001269962930949168, -0.000268283105231996, 0.00012566442289967835, -1.9314977112277122e-05, 0.0025052614254095964, -0.005636764098502144, 0.010671256787004781, -0.006558803812756414, 0.001340350442307775]], [[40.88449822368463, 0.026676718686517286, -0.05777741445260051, 0.003619938769008443, -0.0010995221275501947, 0.00043142316670585843, -1.5361836529873611, 0.05506672199625868, 0.0024331939421972145, -0.0021863844017131484, 0.00017924401607234686, 8.226574901655515e-05], [0.026676718686517286, 0.16033336880127227, -0.029073579434035598, 0.002556714239741815, 0.003843464204768495, -0.0012618030276965698, -0.06725719320195826, 0.0008500839835291796, 0.00020503330840362932, 0.001616331338313984, -0.0007000031764940544, 7.687273816511309e-05], [-0.05777741445260051, -0.029073579434035598, 0.04434579117553884, -0.015286071294617579, -0.0018872784863119083, 0.0014076447030500145, -0.0010639536456389536, -0.004117235440038545, 0.005854208207856594, -0.006012087502721176, 0.0025675426666544638, -0.0003803943427343853], [0.003619938769008443, 0.002556714239741815, -0.015286071294617579, 0.011810009996146153, -0.00269985951283657, -2.472761439015629e-05, 0.0004352829397974219, 0.0024125151292982575, -0.00676038036718606, 0.00669883661520492, -0.002727343984203503, 0.00039621709875044893], [-0.0010995221275501947, 0.003843464204768495, -0.0018872784863119083, -0.00269985951283657, 0.002113614724429884, -0.00038789945254888035, 0.0002565703490109285, -0.0007540175964766652, 0.002855352959362131, -0.0029161891481970133, 0.0011702867622915337, -0.00016681952548995875], [0.00043142316670585843, -0.0012618030276965698, 0.0014076447030500145, -2.472761439015629e-05, -0.00038789945254888035, 0.00010593906005618495, -0.00020962602195162845, 8.955100481512909e-05, -0.00041452451739152274, 0.0004410240413768648, -0.00017875804391511284, 2.5440434810161658e-05], [-1.5361836529873611, -0.06725719320195826, -0.0010639536456389536, 0.0004352829397974219, 0.0002565703490109285, -0.00020962602195162845, 38.64968864437064, -0.04537825630672364, -0.05391690269162697, 7.685005689539448e-06, -0.0013118119752776464, 0.0004943471478080705], [0.05506672199625868, 0.0008500839835291796, -0.004117235440038545, 0.0024125151292982575, -0.0007540175964766652, 8.955100481512909e-05, -0.04537825630672364, 0.17956398242616745, -0.03175395364928727, 0.0030458029807215506, 0.004291994989875217, -0.0014397841569605398], [0.0024331939421972145, 0.00020503330840362932, 0.005854208207856594, -0.00676038036718606, 0.002855352959362131, -0.00041452451739152274, -0.05391690269162697, -0.03175395364928727, 0.05042215122442909, -0.019432056559001723, -0.0009630186375838326, 0.0013616620745779764], [-0.0021863844017131484, 0.001616331338313984, -0.006012087502721176, 0.00669883661520492, -0.0029161891481970133, 0.0004410240413768648, 7.685005689539448e-06, 0.0030458029807215506, -0.019432056559001723, 0.01598251418066233, -0.004243336884730126, 0.0002025848072768721], [0.00017924401607234686, -0.0007000031764940544, 0.0025675426666544638, -0.002727343984203503, 0.0011702867622915337, -0.00017875804391511284, -0.0013118119752776464, 0.004291994989875217, -0.0009630186375838326, -0.004243336884730126, 0.002911190925566288, -0.0005376176988350286], [8.226574901655515e-05, 7.687273816511309e-05, -0.0003803943427343853, 0.00039621709875044893, -0.00016681952548995875, 2.5440434810161658e-05, 0.0004943471478080705, -0.0014397841569605398, 0.0013616620745779764, 0.0002025848072768721, -0.0005376176988350286, 0.00013551030412762294]], [[40.90253746064775, -0.00713623182426277, -0.036034058859151605, -0.024856904286044677, 0.015020578140098977, -0.004166484312193642, 0.0005604011788363604, -1.5469446309729156, 0.05289738011505103, -0.017516785043197272, 0.024343427192584838, -0.019437860853441017, 0.007182107164517589, -0.0010577795544282323], [-0.00713623182426277, 0.17970412292189078, -0.06560760418804783, 0.03146954710499956, -0.0021546163398014797, -0.0035846536932596334, 0.0008570692193328591, -0.061955216658056034, -0.009867286340210961, 0.022140569224416727, -0.014125760322196809, 0.001028049600939194, 0.002331716725083186, -0.0006419161010509279], [-0.036034058859151605, -0.06560760418804783, 0.11517802068493332, -0.06720317280806644, 0.0055217199183967966, 0.007849899643838231, -0.001999346861107002, -0.004620693423396091, 0.017367204049966785, -0.04258251852990271, 0.031145281103424304, -0.0042534464205243525, -0.003860910152567154, 0.0011653536630601502], [-0.024856904286044677, 0.03146954710499956, -0.06720317280806644, 0.04694656837045837, -0.00543597981900835, -0.005748793649324832, 0.001612583753523321, 0.0012817217272778458, -0.013671303565629627, 0.031055510185752717, -0.023215909398843215, 0.0036209650798514886, 0.002632866186782483, -0.000828288119307258], [0.015020578140098977, -0.0021546163398014797, 0.0055217199183967966, -0.00543597981900835, 0.001034318672826674, 0.0007276056925189763, -0.00024514805474316903, -0.0003507553844690066, 0.0016200638369354282, -0.004777816524721093, 0.00364156338663484, -0.0005888783291577063, -0.0003964822721824142, 0.00012600944729631344], [-0.004166484312193642, -0.0035846536932596334, 0.007849899643838231, -0.005748793649324832, 0.0007276056925189763, 0.0007253817481736568, -0.00021032950237142304, 9.932458822844275e-05, 0.0019389842513810596, -0.0034210765505290263, 0.0025212651576107248, -0.0004029725628733032, -0.0002831506226497026, 9.051861787857037e-05], [0.0005604011788363604, 0.0008570692193328591, -0.001999346861107002, 0.001612583753523321, -0.00024514805474316903, -0.00021032950237142304, 6.543523722562933e-05, -8.226306097644384e-06, -0.0005633463307100179, 0.0010648390416815945, -0.0007893260223498783, 0.00012671703050540881, 8.78480210759377e-05, -2.8113454355392526e-05], [-1.5469446309729156, -0.061955216658056034, -0.004620693423396091, 0.0012817217272778458, -0.0003507553844690066, 9.932458822844275e-05, -8.226306097644384e-06, 38.59445933257961, -0.05086976470066651, -0.06144836268224474, 0.02321761117842691, -0.02261239260997898, 0.010376130584531072, -0.001590376651256149], [0.05289738011505103, -0.009867286340210961, 0.017367204049966785, -0.013671303565629627, 0.0016200638369354282, 0.0019389842513810596, -0.0005633463307100179, -0.05086976470066651, 0.19965188110617582, -0.07241706684784516, 0.0331963546285404, -0.00018787587288296784, -0.005069536215822064, 0.0011533909988160494], [-0.017516785043197272, 0.022140569224416727, -0.04258251852990271, 0.031055510185752717, -0.004777816524721093, -0.0034210765505290263, 0.0010648390416815945, -0.06144836268224474, -0.07241706684784516, 0.13075332997855432, -0.07753436023605437, 0.006238195072062153, 0.009501780895178868, -0.002461553901445391], [0.024343427192584838, -0.014125760322196809, 0.031145281103424304, -0.023215909398843215, 0.00364156338663484, 0.0025212651576107248, -0.0007893260223498783, 0.02321761117842691, 0.0331963546285404, -0.07753436023605437, 0.05533749075469413, -0.006761826968921545, -0.006823995363430798, 0.001965047946691603], [-0.019437860853441017, 0.001028049600939194, -0.0042534464205243525, 0.0036209650798514886, -0.0005888783291577063, -0.0004029725628733032, 0.00012671703050540881, -0.02261239260997898, -0.00018787587288296784, 0.006238195072062153, -0.006761826968921545, 0.0015299492473327039, 0.0008196882923348546, -0.00030229178519292337], [0.007182107164517589, 0.002331716725083186, -0.003860910152567154, 0.002632866186782483, -0.0003964822721824142, -0.0002831506226497026, 8.78480210759377e-05, 0.010376130584531072, -0.005069536215822064, 0.009501780895178868, -0.006823995363430798, 0.0008196882923348546, 0.0008734491827059855, -0.00025078470952443144], [-0.0010577795544282323, -0.0006419161010509279, 0.0011653536630601502, -0.000828288119307258, 0.00012600944729631344, 9.051861787857037e-05, -2.8113454355392526e-05, -0.001590376651256149, 0.0011533909988160494, -0.002461553901445391, 0.001965047946691603, -0.00030229178519292337, -0.00025078470952443144, 7.858762487916345e-05]], [[40.86412651069383, 0.0046803595661492284, -0.04402200724507078, -0.014139001529948491, 0.008498344317007456, -0.003165096489599524, 0.0008667103315089552, -0.00011857275331396564, -1.601917258138791, 0.06008923759203843, -0.019576961332040503, 0.012003949626785406, 0.0029532744866505073, -0.010077813534553386, 0.005280901042228961, -0.0009070655345234002], [0.0046803595661492284, 0.18189731610660387, -0.06833781927722567, 0.02531931025291536, 0.004410197279656143, -0.003081813822015231, -0.00136734146749326, 0.0005765467664637415, -0.06905268968060373, -0.00089319183602489, 0.003866791202892495, 0.00015817085408150673, -0.001425172094998897, 8.567119799305469e-05, 0.00046831099559041165, -0.00013848071431674558], [-0.04402200724507078, -0.06833781927722567, 0.11090148975673425, -0.050596570488526206, -0.0060816524541637525, 0.005564987372039615, 0.0024589961292400945, -0.0010762641129914432, 0.014641871699755699, -0.0031731948002201157, -0.0024822609121887963, -0.00018590048059810316, 0.0022359416725850727, -0.00022752610134894432, -0.0007365461989657898, 0.0002266660524848184], [-0.014139001529948491, 0.02531931025291536, -0.050596570488526206, 0.027624235659311828, 0.0020476189361373926, -0.00311129127173871, -0.0012509970227467956, 0.0006011222080961955, -0.016560668097783088, 0.0038374182627972527, -0.0005147283158626071, 0.00011774123084688169, -0.0005870345553149183, 2.7750254755297096e-05, 0.00028774115597933047, -9.155684587046407e-05], [0.008498344317007456, 0.004410197279656143, -0.0060816524541637525, 0.0020476189361373926, 0.0006509620842582262, -0.00023030915303963657, -0.00013691818943619726, 4.4058709191526384e-05, 0.007876921008325098, -0.00325375868692746, 0.0020601630579838684, -0.0005571531279498541, -0.0003051738454427625, 6.108780673114382e-05, 9.191325721120031e-05, -2.734436150709431e-05], [-0.003165096489599524, -0.003081813822015231, 0.005564987372039615, -0.00311129127173871, -0.00023030915303963657, 0.0003684260481197549, 0.00013988632866877794, -6.984196831926338e-05, 8.461956166493578e-06, 0.0008220441067512884, -0.0005531306604503692, 0.00027746940378959645, 7.490289490668652e-05, -2.6030266261433684e-05, -4.3959861623608565e-05, 1.5130070913968844e-05], [0.0008667103315089552, -0.00136734146749326, 0.0024589961292400945, -0.0012509970227467956, -0.00013691818943619726, 0.00013988632866877794, 6.309548006130614e-05, -2.7839084047856313e-05, -0.0009270971075361376, 0.00023273466371733908, -0.0003527195684425251, 6.0395883733034966e-05, 7.370133677650916e-05, -6.369935728253724e-06, -2.2118147217688788e-05, 6.194203510545864e-06], [-0.00011857275331396564, 0.0005765467664637415, -0.0010762641129914432, 0.0006011222080961955, 4.4058709191526384e-05, -6.984196831926338e-05, -2.7839084047856313e-05, 1.3614412857723334e-05, 0.0002051135666388215, -9.653421479970428e-05, 0.00012966849654364495, -3.673525181809568e-05, -2.277025399422232e-05, 3.249222747521171e-06, 8.569839269872309e-06, -2.604639857521928e-06], [-1.601917258138791, -0.06905268968060373, 0.014641871699755699, -0.016560668097783088, 0.007876921008325098, 8.461956166493578e-06, -0.0009270971075361376, 0.0002051135666388215, 38.76843666956344, -0.06003079704300165, -0.06031110255781936, 0.0112042589114931, -0.011125279663137753, 0.0035707987461575503, 0.00026866447814603004, -0.00020163117984727926], [0.06008923759203843, -0.00089319183602489, -0.0031731948002201157, 0.0038374182627972527, -0.00325375868692746, 0.0008220441067512884, 0.00023273466371733908, -9.653421479970428e-05, -0.06003079704300165, 0.20445804227113967, -0.07897637846607124, 0.031395360272562386, 0.003839845145332032, -0.0034971799899898635, -0.0014638100174458805, 0.0006472730906926488], [-0.019576961332040503, 0.003866791202892495, -0.0024822609121887963, -0.0005147283158626071, 0.0020601630579838684, -0.0005531306604503692, -0.0003527195684425251, 0.00012966849654364495, -0.06031110255781936, -0.07897637846607124, 0.13221847836386663, -0.06481280116556369, -0.004546603217077833, 0.006787786820147388, 0.0024243173580060324, -0.0011880493815500388], [0.012003949626785406, 0.00015817085408150673, -0.00018590048059810316, 0.00011774123084688169, -0.0005571531279498541, 0.00027746940378959645, 6.0395883733034966e-05, -3.673525181809568e-05, 0.0112042589114931, 0.031395360272562386, -0.06481280116556369, 0.03790513665836971, 0.0008721930042656955, -0.00405954955884071, -0.0012092937747529276, 0.0006857879801432822], [0.0029532744866505073, -0.001425172094998897, 0.0022359416725850727, -0.0005870345553149183, -0.0003051738454427625, 7.490289490668652e-05, 7.370133677650916e-05, -2.277025399422232e-05, -0.011125279663137753, 0.003839845145332032, -0.004546603217077833, 0.0008721930042656955, 0.0006385673384282891, -8.666676031298522e-05, -0.00010101889286913013, 2.0765229406987905e-05], [-0.010077813534553386, 8.567119799305469e-05, -0.00022752610134894432, 2.7750254755297096e-05, 6.108780673114382e-05, -2.6030266261433684e-05, -6.369935728253724e-06, 3.249222747521171e-06, 0.0035707987461575503, -0.0034971799899898635, 0.006787786820147388, -0.00405954955884071, -8.666676031298522e-05, 0.00047029630121606195, 0.00012003361047295094, -7.51645306540561e-05], [0.005280901042228961, 0.00046831099559041165, -0.0007365461989657898, 0.00028774115597933047, 9.191325721120031e-05, -4.3959861623608565e-05, -2.2118147217688788e-05, 8.569839269872309e-06, 0.00026866447814603004, -0.0014638100174458805, 0.0024243173580060324, -0.0012092937747529276, -0.00010101889286913013, 0.00012003361047295094, 5.414259586545801e-05, -2.36679289051705e-05], [-0.0009070655345234002, -0.00013848071431674558, 0.0002266660524848184, -9.155684587046407e-05, -2.734436150709431e-05, 1.5130070913968844e-05, 6.194203510545864e-06, -2.604639857521928e-06, -0.00020163117984727926, 0.0006472730906926488, -0.0011880493815500388, 0.0006857879801432822, 2.0765229406987905e-05, -7.51645306540561e-05, -2.36679289051705e-05, 1.3137194914228364e-05]]], "B_list": [{"B_diag": [0.03048215382258687], "B_by_diag": [9.352427184178408e-05]}, {"B_diag": [0.00027594795470118304], "B_by_diag": [-1.1555535445738064e-06]}, {"B_diag": [3.3401936876969675e-05], "B_by_diag": [-1.900977256956618e-07]}, {"B_diag": [1.8183004346404034e-05], "B_by_diag": [-1.6291238971166578e-07]}, {"B_diag": [1.4006715078494081e-05], "B_by_diag": [-2.041501208001887e-07]}, {"B_diag": [1.3830723099204927e-05], "B_by_diag": [-2.3365473158453083e-07]}, {"B_diag": [1.2395569332420617e-05], "B_by_diag": [1.305149897986722e-07]}, {"B_diag": [1.2092061733405042e-05], "B_by_diag": [-8.232074506772958e-08]}], "bic_scores": [4.44977785401942, -71.5265244301781, -89.83343103398076, -75.21128326479611, -49.01875413190629, -14.190049255536408, 26.073124209660904, 73.04235810806364], "best_bic": -89.83343103398076, "best_bic_A": [[40.79030397116793, 0.0007646313354547783, -0.04693758877910911, -1.5483776345144242, 0.05641306543587917, -0.004366952668521025], [0.0007646313354547783, 0.16272545884912484, -0.012956707560331637, -0.06375423621652529, -0.0007044457884028381, 0.001771774204989217], [-0.04693758877910911, -0.012956707560331637, 0.004590028221824118, -0.00032651535062731195, -0.001229019170367099, -7.393635274384327e-05], [-1.5483776345144242, -0.06375423621652529, -0.00032651535062731195, 38.61185945401591, -0.059916475748525426, -0.04684413099525243], [0.05641306543587917, -0.0007044457884028381, -0.001229019170367099, -0.059916475748525426, 0.18392456533118312, -0.01422839996619902], [-0.004366952668521025, 0.001771774204989217, -7.393635274384327e-05, -0.04684413099525243, -0.01422839996619902, 0.004886672030096292]], "best_bic_B": {"B_diag": [3.3401936876969675e-05], "B_by_diag": [-1.900977256956618e-07]}, "best_bic_deg": 3, "best_bic_deg_idx": 2, "aic_scores": [1.8384717597108629, -77.79365905651863, -101.84543906780013, -95.05720958154114, -78.78764360702385, -55.970946764473325, -29.80882620854223, 0.9703099051474453], "best_aic": -101.84543906780013, "best_aic_A": [[40.79030397116793, 0.0007646313354547783, -0.04693758877910911, -1.5483776345144242, 0.05641306543587917, -0.004366952668521025], [0.0007646313354547783, 0.16272545884912484, -0.012956707560331637, -0.06375423621652529, -0.0007044457884028381, 0.001771774204989217], [-0.04693758877910911, -0.012956707560331637, 0.004590028221824118, -0.00032651535062731195, -0.001229019170367099, -7.393635274384327e-05], [-1.5483776345144242, -0.06375423621652529, -0.00032651535062731195, 38.61185945401591, -0.059916475748525426, -0.04684413099525243], [0.05641306543587917, -0.0007044457884028381, -0.001229019170367099, -0.059916475748525426, 0.18392456533118312, -0.01422839996619902], [-0.004366952668521025, 0.001771774204989217, -7.393635274384327e-05, -0.04684413099525243, -0.01422839996619902, 0.004886672030096292]], "best_aic_B": {"B_diag": [3.3401936876969675e-05], "B_by_diag": [-1.900977256956618e-07]}, "best_aic_deg": 3, "best_aic_deg_idx": 2, "lr": 0.001, "optimizer": null, "epochs": 100, "best_epochs": [79, 99, 66, 59, 78, 99, 99, 94], "batch_size": 1024}