{"degree": [1, 2, 3, 4, 5, 6, 7, 8], "losses": [113.6995103744712, -28.689302728869094, -104.88241566576183, -140.72354881598437, -156.2314663947481, -161.1866096452928, -163.54157015040167, -163.8771005224247], "A_list": [[[34.26082685740318, -1.3967193439417847], [-1.3967193439417847, 37.90924142696719]], [[38.991255021954636, -0.426442809700446, -0.991635959519565, 0.14139887701166984], [-0.426442809700446, 0.21322233622910114, -0.18917034066466568, 0.0021616564745753396], [-0.991635959519565, -0.18917034066466568, 43.57720475580625, -0.5651973832648844], [0.14139887701166984, 0.0021616564745753396, -0.5651973832648844, 0.2351756779945747]], [[38.466972201238434, -0.29208110005822197, -0.02792140652275915, -1.0426181301997164, 0.19594840752316844, -0.013150424276410328], [-0.29208110005822197, 0.389654807381656, -0.030203393577546957, -0.22303209806340574, 0.001334393526014444, 0.0035042791454936487], [-0.02792140652275915, -0.030203393577546957, 0.005166951911649874, 0.010270716370396702, -0.0034982402082907984, -5.949875048612868e-06], [-1.0426181301997164, -0.22303209806340574, 0.010270716370396702, 43.08242483220061, -0.38670112715179933, -0.03682649953495016], [0.19594840752316844, 0.001334393526014444, -0.0034982402082907984, -0.38670112715179933, 0.42811884188119903, -0.03287596988374747], [-0.013150424276410328, 0.0035042791454936487, -5.949875048612868e-06, -0.03682649953495016, -0.03287596988374747, 0.005593568990075449]], [[37.306285593294774, -0.13311203068032001, -0.07519249021912344, 0.006545336650201175, -0.4775863726272481, 0.16538577815891561, -0.006931826491474665, -0.0006897144393557717], [-0.13311203068032001, 0.42652774303396357, -0.07287529974359905, 0.005377885406822118, -0.18507854609420601, 0.001086880124513742, 0.006611060649021392, -0.0006056891653724833], [-0.07519249021912344, -0.07287529974359905, 0.03519315519640872, -0.0038595560680917598, -0.0006036845311981093, -0.005961309228722514, -0.0001902054651746192, 0.00010997902702674708], [0.006545336650201175, 0.005377885406822118, -0.0038595560680917598, 0.000496049237291789, 0.0012974650791036664, 0.000562088529889048, -7.631829506838158e-05, -1.4768371935191633e-06], [-0.4775863726272481, -0.18507854609420601, -0.0006036845311981093, 0.0012974650791036664, 40.38201917553212, -0.17982526974538893, -0.09162076725952374, 0.007661045826802713], [0.16538577815891561, 0.001086880124513742, -0.005961309228722514, 0.000562088529889048, -0.17982526974538893, 0.4666673043959618, -0.07846410195729517, 0.005725598377971716], [-0.006931826491474665, 0.006611060649021392, -0.0001902054651746192, -7.631829506838158e-05, -0.09162076725952374, -0.07846410195729517, 0.03786173589416685, -0.004139654183153369], [-0.0006897144393557717, -0.0006056891653724833, 0.00010997902702674708, -1.4768371935191633e-06, 0.007661045826802713, 0.005725598377971716, -0.004139654183153369, 0.0005311217309181936]], [[38.26269084140326, -0.13311066528320917, -0.06009994697637828, -2.1210022313377642e-05, 0.0006551727315434898, -1.0372334429649557, 0.16262299116802786, 0.0009819660386327985, -0.0024817434470406938, 0.00017110335579403017], [-0.13311066528320917, 0.4677425676297564, -0.1470275085504571, 0.03090967496777158, -0.0025815423844634373, -0.17992723297746827, -0.0013376648967981996, 0.007501374494007438, -0.001193858423719322, 7.58333461970568e-05], [-0.06009994697637828, -0.1470275085504571, 0.1218099840897278, -0.03221157988606823, 0.0028947950688404346, -0.010110906587596781, -0.0030393070900014293, -0.0017304179258365274, 0.0007836255429380645, -8.284339672109632e-05], [-2.1210022313377642e-05, 0.03090967496777158, -0.03221157988606823, 0.009705854327633046, -0.0009419082548104841, 0.0036166542087033428, -9.876155969265516e-05, 0.0002533927141693342, -0.00015970089944102774, 2.0350929359446313e-05], [0.0006551727315434898, -0.0025815423844634373, 0.0028947950688404346, -0.0009419082548104841, 9.63368417760134e-05, -0.00023500296354105296, 4.7579732898759686e-05, -1.8293491165625867e-05, 1.1477286671569557e-05, -1.627792074849874e-06], [-1.0372334429649557, -0.17992723297746827, -0.010110906587596781, 0.0036166542087033428, -0.00023500296354105296, 42.841110551383224, -0.18358626274621068, -0.08571191206716115, 0.0025843986072266326, 0.0005566598059090166], [0.16262299116802786, -0.0013376648967981996, -0.0030393070900014293, -9.876155969265516e-05, 4.7579732898759686e-05, -0.18358626274621068, 0.5176463014399565, -0.16130125051002228, 0.03406890206601992, -0.0028675593196271294], [0.0009819660386327985, 0.007501374494007438, -0.0017304179258365274, 0.0002533927141693342, -1.8293491165625867e-05, -0.08571191206716115, -0.16130125051002228, 0.1321598806185582, -0.03493203208453859, 0.003147126759443513], [-0.0024817434470406938, -0.001193858423719322, 0.0007836255429380645, -0.00015970089944102774, 1.1477286671569557e-05, 0.0025843986072266326, 0.03406890206601992, -0.03493203208453859, 0.010514435984243467, -0.0010221285616755357], [0.00017110335579403017, 7.58333461970568e-05, -8.284339672109632e-05, 2.0350929359446313e-05, -1.627792074849874e-06, 0.0005566598059090166, -0.0028675593196271294, 0.003147126759443513, -0.0010221285616755357, 0.00010465449488270691]], [[38.267690033347414, -0.11571391696800402, -0.0669874231261603, -0.0003990015817150537, 0.0012174221781977906, -6.496895095995348e-05, -1.0420277103202422, 0.16149008753214458, 0.0005656211668283451, -0.002051030864555603, 2.7597590761263557e-05, 1.36475576965377e-05], [-0.11571391696800402, 0.41692641835405353, -0.11292744379985857, 0.02235057788932659, -0.001586330183992376, -5.5187507612770955e-05, -0.18138144878815135, 0.002852452090295771, 0.0021412810994111825, 0.0012235210036920779, -0.0004025961137690765, 3.605566756844728e-05], [-0.0669874231261603, -0.11292744379985857, 0.10246872416455759, -0.031408331382046004, 0.003961520295512338, -0.00014803799779875934, -0.008148057919269138, -0.007407956254274526, 0.0037210749213526543, -0.001633759669580858, 0.0003755948516605722, -3.24833550838956e-05], [-0.0003990015817150537, 0.02235057788932659, -0.031408331382046004, 0.01409333936166974, -0.002677128044408809, 0.00018496625213176247, 0.0026542463640775, 0.0016834792810282659, -0.0020575142222166234, 0.0008492924761361732, -0.0001632821452314114, 1.2229800688917884e-05], [0.0012174221781977906, -0.001586330183992376, 0.003961520295512338, -0.002677128044408809, 0.0006788029898633971, -5.9180956232441e-05, 5.9301955834257596e-05, -0.0002779701068654993, 0.00042705555069372274, -0.00018298566047175849, 3.3236354165577126e-05, -2.245884920498287e-06], [-6.496895095995348e-05, -5.5187507612770955e-05, -0.00014803799779875934, 0.00018496625213176247, -5.9180956232441e-05, 5.89884132069008e-06, -2.6424352441137072e-05, 2.178641867424031e-05, -3.2461548726099104e-05, 1.4232517608565032e-05, -2.5257944766307595e-06, 1.586926818995783e-07], [-1.0420277103202422, -0.18138144878815135, -0.008148057919269138, 0.0026542463640775, 5.9301955834257596e-05, -2.6424352441137072e-05, 42.83264689880398, -0.1716849448697562, -0.0873955973709365, -0.0008245154705086646, 0.0017742882014994306, -0.00012659875940623485], [0.16149008753214458, 0.002852452090295771, -0.007407956254274526, 0.0016834792810282659, -0.0002779701068654993, 2.178641867424031e-05, -0.1716849448697562, 0.463102371817219, -0.1244169872802455, 0.023744903964864332, -0.0014028730559356322, -9.929604330974172e-05], [0.0005656211668283451, 0.0021412810994111825, 0.0037210749213526543, -0.0020575142222166234, 0.00042705555069372274, -3.2461548726099104e-05, -0.0873955973709365, -0.1244169872802455, 0.10962235936367083, -0.03242204378606737, 0.003805903437246839, -0.00011313697548128702], [-0.002051030864555603, 0.0012235210036920779, -0.001633759669580858, 0.0008492924761361732, -0.00018298566047175849, 1.4232517608565032e-05, -0.0008245154705086646, 0.023744903964864332, -0.03242204378606737, 0.014266449413986906, -0.0026543561827529786, 0.0001793983659531067], [2.7597590761263557e-05, -0.0004025961137690765, 0.0003755948516605722, -0.0001632821452314114, 3.3236354165577126e-05, -2.5257944766307595e-06, 0.0017742882014994306, -0.0014028730559356322, 0.003805903437246839, -0.0026543561827529786, 0.0006818945276050687, -5.998277906967517e-05], [1.36475576965377e-05, 3.605566756844728e-05, -3.24833550838956e-05, 1.2229800688917884e-05, -2.245884920498287e-06, 1.586926818995783e-07, -0.00012659875940623485, -9.929604330974172e-05, -0.00011313697548128702, 0.0001793983659531067, -5.998277906967517e-05, 6.1018256500977385e-06]], [[38.28265923590444, -0.1315809524460982, -0.052409423758628025, -0.004897805825971546, 0.0009686970091878448, 0.0002644822949415781, -3.893522900279303e-05, -1.0324333783906325, 0.15176750230864539, 0.014240218572484586, -0.009963422038302666, 0.0028080943402640137, -0.0005297363916234951, 4.238998560425496e-05], [-0.1315809524460982, 0.44145612772355813, -0.13723090755403497, 0.028055288321147665, 0.0007047531735765725, -0.0012080143587585523, 0.00012859997975304754, -0.17475196028738646, -0.0019923097267730214, 0.006487263564170604, -0.0004053047241626903, -0.00021027214590048338, 5.539820101536943e-05, -4.30823079078774e-06], [-0.052409423758628025, -0.13723090755403497, 0.1251820037710889, -0.03477631306419901, 0.00026987227540917495, 0.0013564423353458123, -0.0001599379777391314, -0.015576037282591638, -0.0017011281841348242, -0.0012255617574102352, 0.00023024215316897953, 0.0001765816075219094, -6.280144804720497e-05, 5.846012586055548e-06], [-0.004897805825971546, 0.028055288321147665, -0.03477631306419901, 0.012242204869859876, -0.00043993968366253823, -0.0004852575538110434, 6.474589296681047e-05, 0.006929418317734609, -0.0009969073984503662, 0.0003210996431395833, -6.583603154918481e-05, -4.0945880270779915e-05, 1.750007083338528e-05, -1.7976352679047776e-06], [0.0009686970091878448, 0.0007047531735765725, 0.00026987227540917495, -0.00043993968366253823, 6.56744158570613e-05, 1.853889068999991e-05, -3.708808172425836e-06, -0.0014423194041922255, 0.00027049393747229073, -8.226686351030807e-05, 2.0830092483833582e-05, -9.673546240269322e-07, -6.347130987717697e-07, 9.151421230280713e-08], [0.0002644822949415781, -0.0012080143587585523, 0.0013564423353458123, -0.0004852575538110434, 1.853889068999991e-05, 1.9474067373081242e-05, -2.6216554226050425e-06, 0.0002509929874447176, -1.886009459343098e-05, 8.533710420302197e-06, -3.7071209601980044e-06, 1.5400087674249029e-06, -4.2357493193667944e-07, 4.23650259051222e-08], [-3.893522900279303e-05, 0.00012859997975304754, -0.0001599379777391314, 6.474589296681047e-05, -3.708808172425836e-06, -2.6216554226050425e-06, 3.85139334418484e-07, -2.1635236050089985e-05, -1.9714728394642705e-07, -1.4446797870131336e-07, 2.2345725815545704e-07, -1.4331407436328352e-07, 4.794717808515429e-08, -5.400754297881211e-09], [-1.0324333783906325, -0.17475196028738646, -0.015576037282591638, 0.006929418317734609, -0.0014423194041922255, 0.0002509929874447176, -2.1635236050089985e-05, 42.83379613830359, -0.18521512172211255, -0.07706286989437292, -0.0014766442479224873, -0.00030450750244533434, 0.0006678943742314664, -8.041437311921506e-05], [0.15176750230864539, -0.0019923097267730214, -0.0017011281841348242, -0.0009969073984503662, 0.00027049393747229073, -1.886009459343098e-05, -1.9714728394642705e-07, -0.18521512172211255, 0.49442839069734534, -0.15526236874514343, 0.03230186965422388, 0.0006238646722367194, -0.0013348532803587236, 0.00014258749555433374], [0.014240218572484586, 0.006487263564170604, -0.0012255617574102352, 0.0003210996431395833, -8.226686351030807e-05, 8.533710420302197e-06, -1.4446797870131336e-07, -0.07706286989437292, -0.15526236874514343, 0.13981916458539775, -0.039005565831201086, 0.00035162463605744405, 0.0015092300505253112, -0.00017855186424180875], [-0.009963422038302666, -0.0004053047241626903, 0.00023024215316897953, -6.583603154918481e-05, 2.0830092483833582e-05, -3.7071209601980044e-06, 2.2345725815545704e-07, -0.0014766442479224873, 0.03230186965422388, -0.039005565831201086, 0.01381935992483287, -0.0005384653765279653, -0.000536023502634815, 7.215190053061923e-05], [0.0028080943402640137, -0.00021027214590048338, 0.0001765816075219094, -4.0945880270779915e-05, -9.673546240269322e-07, 1.5400087674249029e-06, -1.4331407436328352e-07, -0.00030450750244533434, 0.0006238646722367194, 0.00035162463605744405, -0.0005384653765279653, 8.248735271419483e-05, 2.1265580641611998e-05, -4.33400094980255e-06], [-0.0005297363916234951, 5.539820101536943e-05, -6.280144804720497e-05, 1.750007083338528e-05, -6.347130987717697e-07, -4.2357493193667944e-07, 4.794717808515429e-08, 0.0006678943742314664, -0.0013348532803587236, 0.0015092300505253112, -0.000536023502634815, 2.1265580641611998e-05, 2.0970451575080227e-05, -2.830860658685819e-06], [4.238998560425496e-05, -4.30823079078774e-06, 5.846012586055548e-06, -1.7976352679047776e-06, 9.151421230280713e-08, 4.23650259051222e-08, -5.400754297881211e-09, -8.041437311921506e-05, 0.00014258749555433374, -0.00017855186424180875, 7.215190053061923e-05, -4.33400094980255e-06, -2.830860658685819e-06, 4.193886880786251e-07]], [[38.250840586763914, -0.12688306401309737, -0.06039210985694846, -0.000665253126193755, 8.56965624704836e-05, 6.829711080623543e-05, 7.37835477042636e-05, -1.2594898985813981e-05, -1.0438957480970434, 0.16139728347749147, 0.003494610130028896, -0.003444862422396023, 0.0002224448753190175, 6.109024111581945e-05, -2.1137851071425036e-05, 1.9406878948212453e-06], [-0.12688306401309737, 0.4250272187819656, -0.11779377343297759, 0.016430664536509827, 0.003130719961606593, -0.000636746432485906, -0.00018445304949718275, 3.478120290525294e-05, -0.1762475335573575, 1.8682788314936178e-05, 0.005343592764788067, -0.0004505141600072404, -6.0088292848515394e-05, 3.231305126679713e-06, 5.9707857210896795e-06, -9.457422526826535e-07], [-0.06039210985694846, -0.11779377343297759, 0.10184030692163082, -0.021948160646942272, -0.0020494824194284807, 0.0006932399890133332, 0.0001583379203008072, -3.3833325064257466e-05, -0.01441355137507069, -0.0025483790932322265, -0.0014041524082744957, 0.0007510883169746887, -4.941412902807838e-05, -2.3941413496812128e-05, 2.5392008714616207e-06, 1.8056130539266226e-07], [-0.000665253126193755, 0.016430664536509827, -0.021948160646942272, 0.006586454711760888, 0.0002319280449345813, -0.00020916794345427766, -3.366801314858059e-05, 9.125175449591717e-06, 0.005949460335975661, -0.0006530217149407615, 0.0004996193546778959, -0.0002579092334477118, 1.996597582092721e-05, 9.51025495400054e-06, -9.897193220168712e-07, -9.214217362676227e-08], [8.56965624704836e-05, 0.003130719961606593, -0.0020494824194284807, 0.0002319280449345813, 8.340631344489026e-05, -7.508944328749506e-06, -4.071972772012239e-06, 5.277999208920735e-07, -0.000868006972057894, 0.00018542328231720424, -0.00011367766791448608, 3.0120716078831203e-05, 9.678726450500453e-07, -9.87238347360685e-07, -1.8125640649333206e-07, 4.982097068784436e-08], [6.829711080623543e-05, -0.000636746432485906, 0.0006932399890133332, -0.00020916794345427766, -7.508944328749506e-06, 6.811298046575522e-06, 1.098141733711364e-06, -2.980060022459299e-07, 0.00011174228189373187, 6.382393202159732e-06, -1.5842335770657206e-06, 3.0700431203528214e-06, -7.666977817812642e-07, -1.2454365633465724e-07, 5.264966607112882e-08, -3.742683988375053e-09], [7.37835477042636e-05, -0.00018445304949718275, 0.0001583379203008072, -3.366801314858059e-05, -4.071972772012239e-06, 1.098141733711364e-06, 2.874559210723053e-07, -5.5716060635860864e-08, -4.985346318829797e-06, -6.594373263023527e-06, 4.788955062892571e-06, -9.232490701947694e-07, -1.1613227573027197e-07, 2.4657670736686586e-08, 1.3072252432109615e-08, -2.4243697950596645e-09], [-1.2594898985813981e-05, 3.478120290525294e-05, -3.3833325064257466e-05, 9.125175449591717e-06, 5.277999208920735e-07, -2.980060022459299e-07, -5.5716060635860864e-08, 1.3599272976973663e-08, -4.885264958145283e-07, 6.980595646629273e-07, -5.568058545419744e-07, 4.86473052707847e-08, 3.2659320954628324e-08, -4.5440971795125403e-10, -2.8354296843801255e-09, 3.884044416850174e-10], [-1.0438957480970434, -0.1762475335573575, -0.01441355137507069, 0.005949460335975661, -0.000868006972057894, 0.00011174228189373187, -4.985346318829797e-06, -4.885264958145283e-07, 42.83520486851237, -0.18128183179366114, -0.08184760340730325, 0.003372942330532094, -0.0021874698456495795, 0.0007927859156704882, -1.755663372699302e-05, -9.938948897683739e-06], [0.16139728347749147, 1.8682788314936178e-05, -0.0025483790932322265, -0.0006530217149407615, 0.00018542328231720424, 6.382393202159732e-06, -6.594373263023527e-06, 6.980595646629273e-07, -0.18128183179366114, 0.4749044872800627, -0.13328523639509346, 0.018933292786596403, 0.003545378167188365, -0.0007434775156989447, -0.00020477444511781673, 3.91341496689064e-05], [0.003494610130028896, 0.005343592764788067, -0.0014041524082744957, 0.0004996193546778959, -0.00011367766791448608, -1.5842335770657206e-06, 4.788955062892571e-06, -5.568058545419744e-07, -0.08184760340730325, -0.13328523639509346, 0.11418920041355185, -0.024534227934894758, -0.0023621229034310252, 0.0007999921161412586, 0.00017436424743238647, -3.775216473488353e-05], [-0.003444862422396023, -0.0004505141600072404, 0.0007510883169746887, -0.0002579092334477118, 3.0120716078831203e-05, 3.0700431203528214e-06, -9.232490701947694e-07, 4.86473052707847e-08, 0.003372942330532094, 0.018933292786596403, -0.024534227934894758, 0.007336104944428078, 0.00026429011142534267, -0.00023652665723669232, -3.680740881835058e-05, 1.0114080214157741e-05], [0.0002224448753190175, -6.0088292848515394e-05, -4.941412902807838e-05, 1.996597582092721e-05, 9.678726450500453e-07, -7.666977817812642e-07, -1.1613227573027197e-07, 3.2659320954628324e-08, -0.0021874698456495795, 0.003545378167188365, -0.0023621229034310252, 0.00026429011142534267, 9.867269917165129e-05, -9.387414326664471e-06, -4.618962289350666e-06, 6.070605211929465e-07], [6.109024111581945e-05, 3.231305126679713e-06, -2.3941413496812128e-05, 9.51025495400054e-06, -9.87238347360685e-07, -1.2454365633465724e-07, 2.4657670736686586e-08, -4.5440971795125403e-10, 0.0007927859156704882, -0.0007434775156989447, 0.0007999921161412586, -0.00023652665723669232, -9.387414326664471e-06, 7.785523524186949e-06, 1.2407543440891388e-06, -3.356522182010948e-07], [-2.1137851071425036e-05, 5.9707857210896795e-06, 2.5392008714616207e-06, -9.897193220168712e-07, -1.8125640649333206e-07, 5.264966607112882e-08, 1.3072252432109615e-08, -2.8354296843801255e-09, -1.755663372699302e-05, -0.00020477444511781673, 0.00017436424743238647, -3.680740881835058e-05, -4.618962289350666e-06, 1.2407543440891388e-06, 3.136374785844042e-07, -6.118762374713904e-08], [1.9406878948212453e-06, -9.457422526826535e-07, 1.8056130539266226e-07, -9.214217362676227e-08, 4.982097068784436e-08, -3.742683988375053e-09, -2.4243697950596645e-09, 3.884044416850174e-10, -9.938948897683739e-06, 3.91341496689064e-05, -3.775216473488353e-05, 1.0114080214157741e-05, 6.070605211929465e-07, -3.356522182010948e-07, -6.118762374713904e-08, 1.502429259618117e-08]]], "B_list": [{"B_d": [[0.5375966826147548], [0.00029736884619603024], [6.894299438132534e-06]], "B_theta": [1.18877896949659e-06], "B_const": [0.5184632452902153]}, {"B_d": [[0.007664810267099796], [2.3215241639425493e-06], [2.79727357388125e-07]], "B_theta": [6.482792608986837e-08], "B_const": [0.013953953785440062]}, {"B_d": [[0.0009412888500747006], [4.484454955320714e-06], [8.29353311884616e-07]], "B_theta": [4.634655508200094e-08], "B_const": [0.001401797673672515]}, {"B_d": [[0.00021833987801563222], [8.607887782499644e-06], [6.812796491002515e-07]], "B_theta": [9.958372952968579e-08], "B_const": [0.0003290006804436192]}, {"B_d": [[5.2653555188692056e-05], [7.429138304858236e-06], [5.977756530383678e-07]], "B_theta": [9.260474669906972e-08], "B_const": [0.00016335019123698758]}, {"B_d": [[4.8111154729019345e-05], [2.195435994803812e-06], [6.618232214625326e-07]], "B_theta": [8.544438977879875e-08], "B_const": [0.00011912843335801167]}, {"B_d": [[2.877263419591873e-05], [3.306526158513125e-06], [5.908598159236769e-07]], "B_theta": [8.145803818229808e-08], "B_const": [0.000115426902824665]}, {"B_d": [[4.360235884764326e-06], [6.354949284847988e-06], [5.168380792355871e-07]], "B_theta": [8.149621605879757e-08], "B_const": [0.00011419072549887916]}], "bic_scores": [128.55379864128844, -0.8375122285867853, -56.605978798605825, -64.59532144854606, -44.824304393618874, -7.073368877064013, 40.70489351833527, 97.929730180229], "best_bic": -64.59532144854606, "best_bic_A": [[37.306285593294774, -0.13311203068032001, -0.07519249021912344, 0.006545336650201175, -0.4775863726272481, 0.16538577815891561, -0.006931826491474665, -0.0006897144393557717], [-0.13311203068032001, 0.42652774303396357, -0.07287529974359905, 0.005377885406822118, -0.18507854609420601, 0.001086880124513742, 0.006611060649021392, -0.0006056891653724833], [-0.07519249021912344, -0.07287529974359905, 0.03519315519640872, -0.0038595560680917598, -0.0006036845311981093, -0.005961309228722514, -0.0001902054651746192, 0.00010997902702674708], [0.006545336650201175, 0.005377885406822118, -0.0038595560680917598, 0.000496049237291789, 0.0012974650791036664, 0.000562088529889048, -7.631829506838158e-05, -1.4768371935191633e-06], [-0.4775863726272481, -0.18507854609420601, -0.0006036845311981093, 0.0012974650791036664, 40.38201917553212, -0.17982526974538893, -0.09162076725952374, 0.007661045826802713], [0.16538577815891561, 0.001086880124513742, -0.005961309228722514, 0.000562088529889048, -0.17982526974538893, 0.4666673043959618, -0.07846410195729517, 0.005725598377971716], [-0.006931826491474665, 0.006611060649021392, -0.0001902054651746192, -7.631829506838158e-05, -0.09162076725952374, -0.07846410195729517, 0.03786173589416685, -0.004139654183153369], [-0.0006897144393557717, -0.0006056891653724833, 0.00010997902702674708, -1.4768371935191633e-06, 0.007661045826802713, 0.005725598377971716, -0.004139654183153369, 0.0005311217309181936]], "best_bic_B": {"B_d": [[0.00021833987801563222], [8.607887782499644e-06], [6.812796491002515e-07]], "B_theta": [9.958372952968579e-08], "B_const": [0.0003290006804436192]}, "best_bic_deg": 4, "best_bic_deg_idx": 3, "aic_scores": [121.6995103744712, -13.689302728869094, -78.88241566576183, -99.72354881598437, -96.23146639474811, -78.1866096452928, -53.54157015040167, -22.877100522424712], "best_aic": -99.72354881598437, "best_aic_A": [[37.306285593294774, -0.13311203068032001, -0.07519249021912344, 0.006545336650201175, -0.4775863726272481, 0.16538577815891561, -0.006931826491474665, -0.0006897144393557717], [-0.13311203068032001, 0.42652774303396357, -0.07287529974359905, 0.005377885406822118, -0.18507854609420601, 0.001086880124513742, 0.006611060649021392, -0.0006056891653724833], [-0.07519249021912344, -0.07287529974359905, 0.03519315519640872, -0.0038595560680917598, -0.0006036845311981093, -0.005961309228722514, -0.0001902054651746192, 0.00010997902702674708], [0.006545336650201175, 0.005377885406822118, -0.0038595560680917598, 0.000496049237291789, 0.0012974650791036664, 0.000562088529889048, -7.631829506838158e-05, -1.4768371935191633e-06], [-0.4775863726272481, -0.18507854609420601, -0.0006036845311981093, 0.0012974650791036664, 40.38201917553212, -0.17982526974538893, -0.09162076725952374, 0.007661045826802713], [0.16538577815891561, 0.001086880124513742, -0.005961309228722514, 0.000562088529889048, -0.17982526974538893, 0.4666673043959618, -0.07846410195729517, 0.005725598377971716], [-0.006931826491474665, 0.006611060649021392, -0.0001902054651746192, -7.631829506838158e-05, -0.09162076725952374, -0.07846410195729517, 0.03786173589416685, -0.004139654183153369], [-0.0006897144393557717, -0.0006056891653724833, 0.00010997902702674708, -1.4768371935191633e-06, 0.007661045826802713, 0.005725598377971716, -0.004139654183153369, 0.0005311217309181936]], "best_aic_B": {"B_d": [[0.00021833987801563222], [8.607887782499644e-06], [6.812796491002515e-07]], "B_theta": [9.958372952968579e-08], "B_const": [0.0003290006804436192]}, "best_aic_deg": 4, "best_aic_deg_idx": 3, "lr": [{"class_name": "PiecewiseConstantDecay", "config": {"boundaries": [8790], "values": [0.005, 0.001], "name": null}}, {"class_name": "PiecewiseConstantDecay", "config": {"boundaries": [8790], "values": [0.005, 0.001], "name": null}}, {"class_name": "PiecewiseConstantDecay", "config": {"boundaries": [8790], "values": [0.005, 0.001], "name": null}}, {"class_name": "PiecewiseConstantDecay", "config": {"boundaries": [8790], "values": [0.005, 0.001], "name": null}}, {"class_name": "PiecewiseConstantDecay", "config": {"boundaries": [8790], "values": [0.005, 0.001], "name": null}}, {"class_name": "PiecewiseConstantDecay", "config": {"boundaries": [8790], "values": [0.005, 0.001], "name": null}}, {"class_name": "PiecewiseConstantDecay", "config": {"boundaries": [8790], "values": [0.005, 0.001], "name": null}}, {"class_name": "PiecewiseConstantDecay", "config": {"boundaries": [8790], "values": [0.005, 0.001], "name": null}}], "optimizer": [{"class_name": "Adam", "config": {"name": "Adam", "learning_rate": {"class_name": "PiecewiseConstantDecay", "config": {"boundaries": [8790], "values": [0.005, 0.001], "name": null}}, "decay": 0.0, "beta_1": 0.9, "beta_2": 0.999, "epsilon": 1e-07, "amsgrad": false}}, {"class_name": "Adam", "config": {"name": "Adam", "learning_rate": {"class_name": "PiecewiseConstantDecay", "config": {"boundaries": [8790], "values": [0.005, 0.001], "name": null}}, "decay": 0.0, "beta_1": 0.9, "beta_2": 0.999, "epsilon": 1e-07, "amsgrad": false}}, {"class_name": "Adam", "config": {"name": "Adam", "learning_rate": {"class_name": "PiecewiseConstantDecay", "config": {"boundaries": [8790], "values": [0.005, 0.001], "name": null}}, "decay": 0.0, "beta_1": 0.9, "beta_2": 0.999, "epsilon": 1e-07, "amsgrad": false}}, {"class_name": "Adam", "config": {"name": "Adam", "learning_rate": {"class_name": "PiecewiseConstantDecay", "config": {"boundaries": [8790], "values": [0.005, 0.001], "name": null}}, "decay": 0.0, "beta_1": 0.9, "beta_2": 0.999, "epsilon": 1e-07, "amsgrad": false}}, {"class_name": "Adam", "config": {"name": "Adam", "learning_rate": {"class_name": "PiecewiseConstantDecay", "config": {"boundaries": [8790], "values": [0.005, 0.001], "name": null}}, "decay": 0.0, "beta_1": 0.9, "beta_2": 0.999, "epsilon": 1e-07, "amsgrad": false}}, {"class_name": "Adam", "config": {"name": "Adam", "learning_rate": {"class_name": "PiecewiseConstantDecay", "config": {"boundaries": [8790], "values": [0.005, 0.001], "name": null}}, "decay": 0.0, "beta_1": 0.9, "beta_2": 0.999, "epsilon": 1e-07, "amsgrad": false}}, {"class_name": "Adam", "config": {"name": "Adam", "learning_rate": {"class_name": "PiecewiseConstantDecay", "config": {"boundaries": [8790], "values": [0.005, 0.001], "name": null}}, "decay": 0.0, "beta_1": 0.9, "beta_2": 0.999, "epsilon": 1e-07, "amsgrad": false}}, {"class_name": "Adam", "config": {"name": "Adam", "learning_rate": {"class_name": "PiecewiseConstantDecay", "config": {"boundaries": [8790], "values": [0.005, 0.001], "name": null}}, "decay": 0.0, "beta_1": 0.9, "beta_2": 0.999, "epsilon": 1e-07, "amsgrad": false}}], "epochs": 50, "best_epochs": [49, 49, 48, 46, 49, 49, 49, 49], "batch_size": 1024}